9,1387,10,1,0
10,1387,11,1,0
11,1387,12,1,0
12,1387,13,1,0
13,1387,1387,5,1,1273,3,3
78,1387,79,2,1
117,1331,118,2,1
118,1331,119,2,1
119,1331,120,2,1
120,1331,121,2,1
121,1331,122,2,1
122,1331,123,2,1
123,1331,1331,5,1,124,2,1,159,3,0
124,1331,1331,5,1,123,1,2,160,3,0
159,1331,1331,5,1,123,0,3,160,2,1
261,1336,262,2,1
262,1336,263,2,1
263,1336,264,2,1
264,1336,1336,5,1,265,2,1,300,3,0
265,1336,1336,5,1,264,1,2,301,3,0
300,1336,1336,5,1,264,0,3,301,2,1,336,3,0
948,1331,984,3,0
958,1351,994,3,0
984,1336,1020,3,0
1273,1387,1387,5,1,13,3,3,1274,2,1
1297,1336,192,0,4
1310,1387,12,0,4
1331,1297,123,0,4
1331,1300,123,0,4
1331,1304,123,0,4
1331,1305,123,0,4
1331,1307,123,0,4
1331,1310,123,0,4
1331,1320,123,0,4
1331,1328,123,0,4
1331,1332,123,0,4
1331,1335,123,0,4
1331,1340,123,0,4
1331,1345,123,0,4
1331,1348,123,0,4
1331,1350,123,0,4
1331,1352,123,0,4
1331,1354,123,0,4
1331,1357,123,0,4
1331,1360,123,0,4
1331,1365,123,0,4
1331,1367,123,0,4
1331,1370,123,0,4
1331,1374,123,0,4
1331,1376,123,0,4
1331,1384,123,0,4
1331,1387,123,0,4
1331,1390,123,0,4
1331,1393,123,0,4
1332,1331,122,0,4
1335,1331,85,0,4
1336,1297,264,0,4
1336,1310,264,0,4
1336,1320,264,0,4
1336,1334,264,0,4
1336,1335,264,0,4
1336,1345,264,0,4
1336,1350,264,0,4
1336,1365,264,0,4
1336,1375,264,0,4
1336,1376,264,0,4
1336,1386,264,0,4
1336,1394,264,0,4
1347,1381,617,0,4
1363,1377,617,0,4
1367,1331,1239,0,4
1375,1336,154,0,4
1377,1363,617,0,4
1381,1347,617,0,4
1387,1310,13,0,4
1387,1345,13,0,4
1387,1375,13,0,4
