45,1375,46,2,1
46,1375,1375,5,1,47,2,1,82,3,0
47,1375,1375,5,1,46,1,2,83,3,0
82,1375,1375,5,1,46,0,3,83,2,1,118,3,0
1081,1392,1082,2,1
1085,1356,1086,2,1
1336,1343,652,0,4
1343,1336,652,0,4
1356,1380,1086,0,4
1375,1301,46,0,4
1375,1305,46,0,4
1375,1316,46,0,4
1375,1320,46,0,4
1375,1333,46,0,4
1375,1350,46,0,4
1375,1352,46,0,4
1375,1353,46,0,4
1375,1356,46,0,4
1375,1358,46,0,4
1375,1360,46,0,4
1375,1366,46,0,4
1375,1370,46,0,4
1375,1372,46,0,4
1375,1379,46,0,4
1375,1384,46,0,4
1375,1388,46,0,4
1375,1390,46,0,4
