175,1357,211,3,0
247,1346,1346,5,1,248,2,1,283,3,0
248,1346,1346,5,1,247,1,2
263,1298,299,3,0
283,1346,1346,5,1,247,0,3,282,1,2,319,3,0
299,1298,335,3,0
333,1298,334,2,1
334,1298,335,2,1
335,1298,1298,5,1,336,2,1,371,3,0
336,1298,1298,5,1,335,1,2,372,3,0
356,1391,392,3,0
371,1298,1298,5,1,335,0,3,372,2,1
392,1391,428,3,0
428,1391,464,3,0
464,1391,500,3,0
500,1391,536,3,0
530,1391,531,2,1
536,1391,572,3,0
572,1391,608,3,0
573,1391,609,3,0
578,1391,614,3,0
600,1391,601,2,1
608,1391,644,3,0
609,1391,645,3,0
614,1391,650,3,0
644,1391,680,3,0
645,1391,681,3,0
650,1391,686,3,0
675,1391,711,3,0
676,1391,712,3,0
677,1391,713,3,0
678,1391,714,3,0
679,1391,715,3,0
680,1391,716,3,0
681,1391,717,3,0
686,1391,1391,5,1,687,2,1
687,1391,1391,5,1,686,1,2,723,3,0
722,1391,686,0,3
749,1391,713,0,3
750,1391,714,0,3
751,1391,715,0,3
752,1391,716,0,3
753,1391,717,0,3
758,1391,722,0,3
789,1391,753,0,3
794,1391,758,0,3
825,1391,789,0,3
830,1391,794,0,3
861,1391,825,0,3
866,1391,830,0,3
897,1391,861,0,3
902,1391,866,0,3
921,1391,922,2,1
933,1391,897,0,3
969,1391,933,0,3
1005,1391,969,0,3
1032,1391,1033,2,1
1041,1391,1005,0,3
1070,1391,1071,2,1
1090,1298,1126,3,0
1166,1367,1167,2,1
1196,1352,1160,0,3
1237,1374,1374,5,1,1238,2,1,1273,3,0
1238,1374,1374,5,1,1237,1,2
1254,1391,1218,0,3
1273,1374,1374,5,1,13,3,3,1237,0,3,1272,1,2
1292,1298,1293,2,1
1298,1299,335,0,4
1298,1304,335,0,4
1298,1310,335,0,4
1298,1314,335,0,4
1298,1320,335,0,4
1298,1335,335,0,4
1298,1345,335,0,4
1298,1350,335,0,4
1298,1355,335,0,4
1298,1365,335,0,4
1298,1371,335,0,4
1298,1374,335,0,4
1298,1375,335,0,4
1298,1376,335,0,4
1298,1386,335,0,4
1298,1394,335,0,4
1331,1344,124,0,4
1344,1331,124,0,4
1345,1298,330,0,4
1352,1320,1159,0,4
1376,1298,227,0,4
1391,1308,686,0,4
1391,1314,686,0,4
1391,1324,686,0,4
1391,1330,686,0,4
1391,1344,686,0,4
1391,1359,686,0,4
