65,1330,101,3,0
438,1296,474,3,0
474,1296,510,3,0
571,1330,607,3,0
603,1330,604,2,1
604,1330,605,2,1
605,1330,606,2,1
606,1330,607,2,1
607,1330,1330,5,1,608,2,1,643,3,0
608,1330,1330,5,1,572,0,3,607,1,2
618,1296,1296,5,1,619,2,1,654,3,0
619,1296,1296,5,1,618,1,2,655,3,0
640,1296,641,2,1
641,1296,642,2,1
643,1330,1330,5,1,607,0,3,642,1,2
654,1296,1296,5,1,618,0,3,655,2,1,690,3,0
1224,1312,1260,2,0
1296,1297,618,0,4
1296,1300,618,0,4
1296,1306,618,0,4
1296,1307,618,0,4
1296,1309,618,0,4
1296,1311,618,0,4
1296,1318,618,0,4
1296,1324,618,0,4
1296,1326,618,0,4
1296,1330,618,0,4
1296,1332,618,0,4
1296,1334,618,0,4
1296,1337,618,0,4
1296,1340,618,0,4
1296,1348,618,0,4
1296,1351,618,0,4
1296,1354,618,0,4
1296,1357,618,0,4
1296,1362,618,0,4
1296,1367,618,0,4
1296,1368,618,0,4
1296,1378,618,0,4
1296,1381,618,0,4
1296,1387,618,0,4
1296,1392,618,0,4
1299,1330,391,0,4
1300,1340,508,0,4
1315,1337,616,0,4
1330,1299,607,0,4
1330,1346,607,0,4
1333,1352,1052,0,4
1334,1296,509,0,4
1337,1315,616,0,4
1340,1300,508,0,4
1346,1330,600,0,4
1351,1296,617,0,4
1352,1333,1052,0,4
1381,1296,618,0,4
1387,1296,435,0,4
