28,1312,64,2,0
324,1312,1312,5,1,325,1,1,360,2,0
325,1312,1312,5,1,324,1,1,361,3,0
351,1312,352,2,1
352,1312,353,2,1
353,1312,354,2,1
354,1312,355,2,1
355,1312,356,2,1
356,1312,357,2,1
357,1312,358,2,1
358,1312,359,2,1
359,1312,324,2,3
360,1312,1312,5,1,324,0,2,361,1,1
461,1303,497,3,0
465,1299,464,1,2
475,1351,1351,5,1,511,3,0
476,1351,475,1,2
477,1351,441,0,3
512,1351,511,1,2
548,1351,547,1,2
549,1351,548,1,2
618,1337,617,1,2
635,1298,636,2,1
1149,1312,1185,3,0
1299,1362,391,0,4
1312,1299,324,0,4
1312,1314,324,0,4
1312,1325,324,0,4
1312,1328,324,0,4
1312,1346,324,0,4
1312,1355,324,0,4
1312,1386,324,0,4
1312,1394,324,0,4
1346,1312,353,0,4
1351,1364,546,0,4
1351,1381,335,0,4
1364,1351,547,0,4
1381,1351,335,0,4
