369,1329,405,3,0
405,1329,441,3,0
438,1329,439,2,1
474,1329,475,2,1
477,1329,1329,5,1,478,2,1,513,3,0
478,1329,1329,5,1,477,1,2,514,3,0
497,1329,498,2,1
513,1329,1329,5,1,477,0,3,514,2,1
1329,1304,477,0,4
1329,1310,477,0,4
1329,1312,477,0,4
1329,1318,477,0,4
1329,1320,477,0,4
1329,1335,477,0,4
1329,1345,477,0,4
1329,1348,477,0,4
1329,1350,477,0,4
1329,1362,477,0,4
1329,1365,477,0,4
1329,1367,477,0,4
1329,1371,477,0,4
1329,1374,477,0,4
1329,1375,477,0,4
1329,1376,477,0,4
1329,1387,477,0,4
1329,1394,477,0,4
1376,1329,473,0,4
