335,353,334,1,2
335,357,334,1,2
335,361,334,1,2
335,364,334,1,2
335,366,334,1,2
335,368,334,1,2
335,370,334,1,2
335,374,334,1,2
335,376,334,1,2
335,377,334,1,2
335,381,334,1,2
335,382,334,1,2
335,386,334,1,2
335,391,334,1,2
335,392,334,1,2
335,393,334,1,2
335,394,334,1,2
335,396,334,1,2
335,397,334,1,2
335,398,334,1,2
335,399,334,1,2
335,402,334,1,2
335,404,334,1,2
335,406,334,1,2
335,414,334,1,2
335,416,334,1,2
335,418,334,1,2
335,428,334,1,2
335,432,334,1,2
335,433,334,1,2
335,436,334,1,2
335,437,334,1,2
335,438,334,1,2
335,444,334,1,2
335,446,334,1,2
335,450,334,1,2
