202,401,401,5,1,215,3,0
211,401,212,2,1
212,401,213,2,1
213,401,214,2,1
215,401,401,5,1,202,0,3,216,2,1,228,3,0
216,401,401,5,1,215,1,2
222,444,444,5,1,209,0,3,235,3,0
228,401,401,5,1,215,0,3
235,444,444,5,1,222,0,3
236,444,235,1,2
237,444,236,1,2
243,444,244,2,1
244,444,245,2,1
245,444,246,2,1
265,444,264,1,2
336,444,323,0,3
354,444,241,0,4
444,351,235,0,4
444,354,235,0,4
444,358,235,0,4
444,369,235,0,4
444,375,235,0,4
444,378,235,0,4
444,384,235,0,4
444,405,235,0,4
444,410,235,0,4
444,435,235,0,4
444,449,235,0,4
