309,1682,308,1,1
638,1614,660,2,0
859,1631,1631,5,1,881,3,0
876,1647,898,3,0
881,1631,1631,5,1,859,0,3,903,3,0
896,1631,897,2,1
897,1631,898,2,1
898,1631,899,2,1
899,1631,900,2,1
900,1631,901,2,1
903,1631,1631,5,1,881,0,3
1216,1618,1238,3,0
1500,1660,1499,1,2
1554,1678,1555,2,1
1576,1678,1577,2,1
1591,1669,360,0,4
1618,1672,1266,0,4
1669,1591,360,0,4
1682,1588,329,0,4
1682,1614,329,0,4
1682,1620,329,0,4
1682,1628,329,0,4
1682,1636,329,0,4
1682,1642,329,0,4
1682,1645,329,0,4
1682,1655,329,0,4
1682,1675,329,0,4
