660,1645,682,2,0
676,1645,698,3,0
677,1645,699,3,0
678,1645,700,3,0
679,1645,701,3,0
680,1645,702,3,0
682,1645,1645,5,1,683,1,1
683,1645,1645,5,1,661,0,3,682,1,1,705,3,0
698,1645,699,2,1
699,1645,700,2,1
700,1645,701,2,1
704,1645,682,0,2
720,1645,698,0,3
721,1645,699,0,3
722,1645,700,0,3
723,1645,701,0,3
724,1645,702,0,3
1027,1674,1026,1,2
1063,1658,1658,5,1,1041,0,3
1084,1658,1658,5,1
1085,1658,1107,3,0
1092,1658,1114,3,0
1093,1658,1115,3,0
1094,1658,1116,3,0
1107,1658,1658,5,1
1454,1668,1453,1,2
1618,1645,701,0,4
1645,1618,682,0,4
1645,1656,682,0,4
