158,1662,159,2,1
660,1661,682,2,0
844,1676,1676,5,1
860,1591,1591,5,1,882,3,0
865,1676,1676,5,1
866,1676,888,3,0
871,1676,893,3,0
872,1676,894,3,0
873,1676,895,3,0
874,1676,896,3,0
882,1591,1591,5,1,860,0,3,904,3,0
883,1591,882,1,2
888,1676,1676,5,1
896,1591,897,2,1
897,1591,898,2,1
898,1591,899,2,1
904,1591,1591,5,1,882,0,3,926,3,0
1586,1591,882,0,4
1591,1586,882,0,4
1591,1627,882,0,4
1591,1632,882,0,4
1591,1635,882,0,4
1591,1647,882,0,4
1591,1651,882,0,4
1626,1629,229,0,4
1629,1626,229,0,4
1661,1656,814,0,4
1676,1660,888,0,4
