272,1627,1627,5,1,250,0,3
293,1627,1627,5,1
294,1627,316,3,0
299,1627,321,3,0
300,1627,322,3,0
301,1627,323,3,0
302,1627,324,3,0
316,1627,1627,5,1
815,1609,1609,5,1,837,3,0
837,1609,1609,5,1,815,0,3,859,3,0
838,1609,837,1,2
839,1609,838,1,2
840,1609,839,1,2
841,1609,840,1,2
852,1609,853,2,1
853,1609,854,2,1
854,1609,855,2,1
855,1609,856,2,1
859,1609,1609,5,1,837,0,3,881,3,0
885,1617,884,1,2
1291,1618,1290,1,2
1400,1634,1401,2,1
1601,1643,968,0,4
1609,1619,837,0,4
1627,1634,816,0,4
1634,1627,826,0,4
1643,1601,980,0,4
