420,1592,1592,5,1,442,3,0
442,1592,1592,5,1,420,0,3,464,3,0
443,1592,442,1,2
444,1592,443,1,2
445,1592,444,1,2
456,1592,457,2,1
457,1592,458,2,1
458,1592,459,2,1
459,1592,460,2,1
464,1592,1592,5,1,442,0,3,486,3,0
816,1651,1651,5,1,838,3,0
838,1651,1651,5,1,816,0,3,860,3,0
839,1651,838,1,2
852,1651,853,2,1
853,1651,854,2,1
854,1651,855,2,1
855,1651,856,2,1
860,1651,1651,5,1,838,0,3,882,3,0
1603,1651,838,0,4
1610,1644,923,0,4
1619,1651,837,0,4
1626,1651,838,0,4
1631,1651,838,0,4
1644,1610,910,0,4
1651,1596,838,0,4
1651,1603,838,0,4
1651,1619,838,0,4
1651,1625,838,0,4
1651,1626,838,0,4
1651,1631,838,0,4
