29,1653,28,1,2
141,1597,140,1,2
1433,1593,1593,5,1,1455,3,0
1455,1593,1593,5,1,1433,0,3,1477,3,0
1456,1593,1455,1,2
1457,1593,1456,1,2
1468,1593,1469,2,1
1469,1593,1470,2,1
1477,1593,1593,5,1,1455,0,3,1499,3,0
1590,1683,772,0,4
1591,1613,882,0,4
1613,1591,891,0,4
1616,1676,955,0,4
1640,1648,1520,0,4
1648,1640,1520,0,4
1653,1595,1502,0,4
1653,1612,1502,0,4
1653,1614,1502,0,4
1653,1620,1502,0,4
1653,1628,1502,0,4
1653,1645,1502,0,4
1665,1677,838,0,4
1667,1679,888,0,4
1676,1616,931,0,4
1677,1665,838,0,4
1679,1667,881,0,4
1683,1590,771,0,4
