30,1645,52,3,0
31,1612,1612,5,1,53,3,0
49,1612,50,2,1
50,1612,51,2,1
51,1612,52,2,1
52,1612,53,2,1
53,1612,1612,5,1,31,0,3,54,2,1,75,3,0
54,1612,1612,5,1,53,1,2
75,1612,1612,5,1,53,0,3
228,1625,1625,5,1,206,0,3
248,1625,270,3,0
249,1625,271,3,0
250,1625,272,3,0
255,1625,277,3,0
256,1625,278,3,0
257,1625,279,3,0
258,1625,280,3,0
261,1625,262,2,1
272,1625,1625,5,1
679,1654,680,2,1
702,1661,724,3,0
767,1599,789,3,0
1040,1621,1062,3,0
1475,1646,1497,3,0
1591,1596,839,0,4
1596,1591,849,0,4
1596,1603,806,0,4
1603,1596,815,0,4
1603,1625,815,0,4
1612,1595,53,0,4
1625,1603,815,0,4
1625,1609,272,0,4
1625,1626,815,0,4
1625,1629,272,0,4
1625,1631,815,0,4
1625,1670,272,0,4
1625,1679,272,0,4
1626,1625,815,0,4
1631,1625,815,0,4
1645,1633,74,0,4
