12,1592,1574,3,3
12,1633,1574,3,3
12,1636,1574,3,3
12,1662,1574,3,3
56,1592,34,0,3
56,1633,34,0,3
56,1636,34,0,3
56,1662,34,0,3
100,1592,78,0,3
100,1595,78,0,3
100,1628,78,0,3
100,1633,78,0,3
100,1636,78,0,3
100,1662,78,0,3
144,1585,122,0,3
144,1592,122,0,3
144,1594,122,0,3
144,1595,122,0,3
144,1597,122,0,3
144,1622,122,0,3
144,1628,122,0,3
144,1633,122,0,3
144,1636,122,0,3
144,1662,122,0,3
144,1666,122,0,3
188,1585,166,0,3
188,1592,166,0,3
188,1594,166,0,3
188,1595,166,0,3
188,1597,166,0,3
188,1622,166,0,3
188,1628,166,0,3
188,1633,166,0,3
188,1636,166,0,3
188,1662,166,0,3
188,1666,166,0,3
232,1585,210,0,3
232,1592,210,0,3
232,1594,210,0,3
232,1595,210,0,3
232,1597,210,0,3
232,1622,210,0,3
232,1628,210,0,3
232,1633,210,0,3
232,1636,210,0,3
232,1662,210,0,3
232,1666,210,0,3
276,1585,254,0,3
276,1592,254,0,3
276,1594,254,0,3
276,1595,254,0,3
276,1597,254,0,3
276,1599,254,0,3
276,1603,254,0,3
276,1609,254,0,3
276,1622,254,0,3
276,1625,254,0,3
276,1626,254,0,3
276,1628,254,0,3
276,1629,254,0,3
276,1631,254,0,3
276,1636,254,0,3
276,1662,254,0,3
276,1666,254,0,3
276,1683,254,0,3
320,1585,298,0,3
320,1594,298,0,3
320,1595,298,0,3
320,1597,298,0,3
320,1599,298,0,3
320,1603,298,0,3
320,1609,298,0,3
320,1622,298,0,3
320,1624,298,0,3
320,1625,298,0,3
320,1626,298,0,3
320,1628,298,0,3
320,1629,298,0,3
320,1631,298,0,3
320,1636,298,0,3
320,1666,298,0,3
320,1670,298,0,3
320,1671,298,0,3
320,1679,298,0,3
320,1683,298,0,3
364,1585,342,0,3
364,1586,342,0,3
364,1594,342,0,3
364,1595,342,0,3
364,1597,342,0,3
364,1599,342,0,3
364,1603,342,0,3
364,1609,342,0,3
364,1622,342,0,3
364,1624,342,0,3
364,1625,342,0,3
364,1626,342,0,3
364,1627,342,0,3
364,1628,342,0,3
364,1629,342,0,3
364,1631,342,0,3
364,1635,342,0,3
364,1636,342,0,3
364,1651,342,0,3
364,1666,342,0,3
364,1670,342,0,3
364,1671,342,0,3
364,1679,342,0,3
364,1683,342,0,3
408,1585,386,0,3
408,1586,386,0,3
408,1591,386,0,3
408,1594,386,0,3
408,1595,386,0,3
408,1597,386,0,3
408,1599,386,0,3
408,1603,386,0,3
408,1609,386,0,3
408,1622,386,0,3
408,1624,386,0,3
408,1625,386,0,3
408,1626,386,0,3
408,1627,386,0,3
408,1628,386,0,3
408,1629,386,0,3
408,1631,386,0,3
408,1635,386,0,3
408,1649,386,0,3
408,1651,386,0,3
408,1666,386,0,3
408,1670,386,0,3
408,1671,386,0,3
408,1679,386,0,3
408,1683,386,0,3
452,1585,430,0,3
452,1586,430,0,3
452,1591,430,0,3
452,1594,430,0,3
452,1595,430,0,3
452,1597,430,0,3
452,1599,430,0,3
452,1603,430,0,3
452,1609,430,0,3
452,1622,430,0,3
452,1624,430,0,3
452,1625,430,0,3
452,1626,430,0,3
452,1627,430,0,3
452,1628,430,0,3
452,1629,430,0,3
452,1631,430,0,3
452,1635,430,0,3
452,1649,430,0,3
452,1651,430,0,3
452,1666,430,0,3
452,1670,430,0,3
452,1679,430,0,3
452,1683,430,0,3
496,1585,474,0,3
496,1586,474,0,3
496,1591,474,0,3
496,1594,474,0,3
496,1597,474,0,3
496,1599,474,0,3
496,1603,474,0,3
496,1609,474,0,3
496,1624,474,0,3
496,1625,474,0,3
496,1626,474,0,3
496,1627,474,0,3
496,1628,474,0,3
496,1629,474,0,3
496,1631,474,0,3
496,1635,474,0,3
496,1649,474,0,3
496,1651,474,0,3
496,1666,474,0,3
496,1670,474,0,3
496,1679,474,0,3
496,1683,474,0,3
540,1586,518,0,3
540,1591,518,0,3
540,1594,518,0,3
540,1597,518,0,3
540,1599,518,0,3
540,1603,518,0,3
540,1609,518,0,3
540,1624,518,0,3
540,1625,518,0,3
540,1626,518,0,3
540,1627,518,0,3
540,1629,518,0,3
540,1631,518,0,3
540,1635,518,0,3
540,1649,518,0,3
540,1651,518,0,3
540,1666,518,0,3
540,1670,518,0,3
540,1679,518,0,3
540,1683,518,0,3
584,1586,562,0,3
584,1594,562,0,3
584,1599,562,0,3
584,1603,562,0,3
584,1609,562,0,3
584,1624,562,0,3
584,1625,562,0,3
584,1626,562,0,3
584,1627,562,0,3
584,1629,562,0,3
584,1631,562,0,3
584,1635,562,0,3
584,1651,562,0,3
584,1666,562,0,3
584,1670,562,0,3
584,1679,562,0,3
584,1683,562,0,3
628,1586,606,0,3
628,1599,606,0,3
628,1603,606,0,3
628,1609,606,0,3
628,1624,606,0,3
628,1626,606,0,3
628,1629,606,0,3
628,1631,606,0,3
628,1635,606,0,3
628,1651,606,0,3
628,1670,606,0,3
628,1679,606,0,3
628,1683,606,0,3
672,1586,650,0,3
672,1603,650,0,3
672,1609,650,0,3
672,1626,650,0,3
672,1629,650,0,3
672,1631,650,0,3
672,1635,650,0,3
672,1651,650,0,3
672,1670,650,0,3
672,1679,650,0,3
816,1624,794,0,3
817,1624,795,0,3
818,1624,796,0,3
819,1624,797,0,3
838,1624,816,0,3
839,1624,817,0,3
840,1624,818,0,3
841,1624,819,0,3
860,1624,859,1,2
861,1624,860,1,2
862,1624,861,1,2
863,1624,862,1,2
870,1624,871,2,1
892,1604,870,0,3
892,1624,893,2,1
892,1676,870,0,3
910,1587,911,2,1
914,1624,915,2,1
936,1589,914,0,3
936,1604,914,0,3
936,1624,937,2,1
954,1587,955,2,1
958,1624,959,2,1
980,1589,958,0,3
980,1604,958,0,3
980,1624,981,2,1
980,1644,958,0,3
980,1646,958,0,3
980,1667,958,0,3
1002,1624,1003,2,1
1024,1589,1002,0,3
1024,1604,1002,0,3
1024,1624,1025,2,1
1024,1644,1002,0,3
1024,1646,1002,0,3
1024,1654,1002,0,3
1024,1667,1002,0,3
1046,1624,1047,2,1
1068,1589,1046,0,3
1068,1624,1069,2,1
1068,1641,1046,0,3
1068,1644,1046,0,3
1068,1646,1046,0,3
1068,1654,1046,0,3
1068,1667,1046,0,3
1090,1624,1091,2,1
1112,1589,1090,0,3
1112,1624,1113,2,1
1112,1641,1090,0,3
1112,1644,1090,0,3
1112,1646,1090,0,3
1112,1654,1090,0,3
1112,1667,1090,0,3
1134,1624,1135,2,1
1156,1589,1134,0,3
1156,1624,1157,2,1
1156,1641,1134,0,3
1156,1644,1134,0,3
1156,1646,1134,0,3
1156,1654,1134,0,3
1156,1667,1134,0,3
1178,1624,1179,2,1
1200,1589,1178,0,3
1200,1624,1201,2,1
1200,1641,1178,0,3
1200,1644,1178,0,3
1200,1646,1178,0,3
1200,1654,1178,0,3
1200,1667,1178,0,3
1222,1624,1223,2,1
1240,1624,1262,3,0
1244,1589,1222,0,3
1244,1624,1266,3,0
1244,1641,1222,0,3
1244,1646,1222,0,3
1244,1654,1222,0,3
1244,1667,1222,0,3
1261,1624,1283,3,0
1288,1589,1266,0,3
1288,1641,1266,0,3
1288,1646,1266,0,3
1288,1667,1266,0,3
1314,1672,1336,3,0
1332,1589,1310,0,3
1332,1641,1310,0,3
1332,1646,1310,0,3
1332,1667,1310,0,3
1376,1641,1354,0,3
1420,1641,1398,0,3
1552,1592,1530,0,3
1552,1662,1530,0,3
1624,1584,859,0,4
1624,1589,859,0,4
1624,1591,859,0,4
1624,1593,859,0,4
1624,1604,859,0,4
1624,1613,859,0,4
1624,1615,794,0,4
1624,1616,859,0,4
1624,1617,859,0,4
1624,1621,859,0,4
1624,1637,794,0,4
1624,1640,859,0,4
1624,1641,859,0,4
1624,1644,859,0,4
1624,1646,859,0,4
1624,1648,859,0,4
1624,1649,859,0,4
1624,1654,859,0,4
1624,1658,859,0,4
1624,1660,859,0,4
1624,1665,794,0,4
1624,1667,859,0,4
1624,1669,794,0,4
1624,1672,859,0,4
1624,1676,859,0,4
1624,1678,859,0,4
1624,1681,859,0,4
1649,1624,903,0,4
1665,1624,816,0,4
1669,1624,816,0,4
