13,1584,35,2,0
13,1585,35,2,0
13,1586,35,2,0
13,1590,35,2,0
13,1591,35,2,0
13,1599,35,2,0
13,1607,35,2,0
13,1615,35,2,0
13,1617,35,2,0
13,1622,35,2,0
13,1624,35,2,0
13,1625,35,2,0
13,1627,35,2,0
13,1635,35,2,0
13,1639,35,2,0
13,1649,35,2,0
13,1651,35,2,0
13,1664,35,2,0
13,1665,35,2,0
13,1669,35,2,0
13,1671,35,2,0
13,1677,35,2,0
57,1584,79,3,0
57,1585,79,3,0
57,1586,79,3,0
57,1590,79,3,0
57,1591,79,3,0
57,1599,79,3,0
57,1607,79,3,0
57,1615,79,3,0
57,1617,79,3,0
57,1622,79,3,0
57,1624,79,3,0
57,1625,79,3,0
57,1627,79,3,0
57,1635,79,3,0
57,1639,79,3,0
57,1649,79,3,0
57,1651,79,3,0
57,1664,79,3,0
57,1665,79,3,0
57,1669,79,3,0
57,1671,79,3,0
57,1677,79,3,0
101,1584,123,3,0
101,1585,123,3,0
101,1586,123,3,0
101,1590,123,3,0
101,1591,123,3,0
101,1599,123,3,0
101,1607,123,3,0
101,1615,123,3,0
101,1617,123,3,0
101,1624,123,3,0
101,1625,123,3,0
101,1627,123,3,0
101,1635,123,3,0
101,1639,123,3,0
101,1649,123,3,0
101,1651,123,3,0
101,1665,123,3,0
101,1669,123,3,0
101,1671,123,3,0
101,1677,123,3,0
145,1584,167,3,0
145,1586,167,3,0
145,1590,167,3,0
145,1591,167,3,0
145,1599,167,3,0
145,1607,167,3,0
145,1615,167,3,0
145,1617,167,3,0
145,1624,167,3,0
145,1625,167,3,0
145,1627,167,3,0
145,1635,167,3,0
145,1639,167,3,0
145,1649,167,3,0
145,1651,167,3,0
145,1665,167,3,0
145,1669,167,3,0
145,1671,167,3,0
145,1677,167,3,0
189,1584,211,3,0
189,1586,211,3,0
189,1590,211,3,0
189,1591,211,3,0
189,1599,211,3,0
189,1607,211,3,0
189,1615,211,3,0
189,1617,211,3,0
189,1624,211,3,0
189,1625,211,3,0
189,1627,211,3,0
189,1635,211,3,0
189,1639,211,3,0
189,1649,211,3,0
189,1651,211,3,0
189,1665,211,3,0
189,1669,211,3,0
189,1671,211,3,0
189,1677,211,3,0
233,1584,255,3,0
233,1586,255,3,0
233,1590,255,3,0
233,1591,255,3,0
233,1604,255,3,0
233,1607,255,3,0
233,1615,255,3,0
233,1617,255,3,0
233,1624,255,3,0
233,1627,255,3,0
233,1635,255,3,0
233,1639,255,3,0
233,1649,255,3,0
233,1651,255,3,0
233,1665,255,3,0
233,1669,255,3,0
233,1671,255,3,0
233,1677,255,3,0
277,1584,299,3,0
277,1586,299,3,0
277,1590,299,3,0
277,1591,299,3,0
277,1604,299,3,0
277,1607,299,3,0
277,1615,299,3,0
277,1617,299,3,0
277,1627,299,3,0
277,1635,299,3,0
277,1649,299,3,0
277,1651,299,3,0
277,1665,299,3,0
277,1669,299,3,0
277,1676,299,3,0
277,1677,299,3,0
321,1584,343,3,0
321,1591,343,3,0
321,1604,343,3,0
321,1615,343,3,0
321,1617,343,3,0
321,1644,343,3,0
321,1646,343,3,0
321,1649,343,3,0
321,1676,343,3,0
365,1584,387,3,0
365,1591,387,3,0
365,1604,387,3,0
365,1617,387,3,0
365,1644,387,3,0
365,1646,387,3,0
365,1676,387,3,0
409,1604,431,3,0
409,1644,431,3,0
409,1646,431,3,0
409,1654,431,3,0
409,1676,431,3,0
453,1604,475,3,0
453,1644,475,3,0
453,1646,475,3,0
453,1648,475,3,0
453,1654,475,3,0
453,1658,475,3,0
453,1676,475,3,0
497,1604,519,3,0
497,1644,519,3,0
497,1646,519,3,0
497,1648,519,3,0
497,1654,519,3,0
497,1658,519,3,0
497,1676,519,3,0
541,1604,563,3,0
541,1644,563,3,0
541,1646,563,3,0
541,1648,563,3,0
541,1654,563,3,0
541,1658,563,3,0
541,1676,563,3,0
572,1601,594,2,0
585,1604,607,3,0
585,1644,607,3,0
585,1646,607,3,0
585,1648,607,3,0
585,1654,607,3,0
585,1658,607,3,0
585,1676,607,3,0
629,1604,651,3,0
629,1644,651,3,0
629,1646,651,3,0
629,1648,651,3,0
629,1654,651,3,0
629,1658,651,3,0
629,1676,651,3,0
673,1604,695,3,0
673,1644,695,3,0
673,1646,695,3,0
673,1648,695,3,0
673,1654,695,3,0
673,1658,695,3,0
673,1676,695,3,0
717,1604,739,3,0
717,1644,739,3,0
717,1646,739,3,0
717,1648,739,3,0
717,1654,739,3,0
717,1658,739,3,0
717,1676,739,3,0
761,1604,783,3,0
761,1638,783,3,0
761,1644,783,3,0
761,1646,783,3,0
761,1648,783,3,0
761,1654,783,3,0
761,1658,783,3,0
761,1676,783,3,0
805,1604,827,3,0
805,1638,827,3,0
805,1644,827,3,0
805,1646,827,3,0
805,1648,827,3,0
805,1654,827,3,0
805,1658,827,3,0
805,1676,827,3,0
849,1638,871,3,0
849,1644,871,3,0
849,1646,871,3,0
849,1648,871,3,0
849,1654,871,3,0
849,1658,871,3,0
849,1676,871,3,0
893,1592,915,3,0
893,1638,915,3,0
893,1644,915,3,0
893,1646,915,3,0
893,1648,915,3,0
893,1654,915,3,0
893,1658,915,3,0
893,1662,915,3,0
937,1592,959,3,0
937,1633,959,3,0
937,1638,959,3,0
937,1648,959,3,0
937,1654,959,3,0
937,1658,959,3,0
937,1662,959,3,0
981,1592,1003,3,0
981,1623,1003,3,0
981,1633,1003,3,0
981,1638,1003,3,0
981,1648,1003,3,0
981,1654,1003,3,0
981,1658,1003,3,0
981,1662,1003,3,0
1025,1592,1047,3,0
1025,1623,1047,3,0
1025,1633,1047,3,0
1025,1638,1047,3,0
1025,1648,1047,3,0
1025,1662,1047,3,0
1069,1592,1091,3,0
1069,1622,1091,3,0
1069,1623,1091,3,0
1069,1633,1091,3,0
1069,1638,1091,3,0
1069,1662,1091,3,0
1069,1664,1091,3,0
1113,1585,1135,3,0
1113,1592,1135,3,0
1113,1622,1135,3,0
1113,1623,1135,3,0
1113,1633,1135,3,0
1113,1638,1135,3,0
1113,1662,1135,3,0
1113,1664,1135,3,0
1116,1648,1115,1,2
1157,1585,1179,3,0
1157,1592,1179,3,0
1157,1622,1179,3,0
1157,1623,1179,3,0
1157,1633,1179,3,0
1157,1638,1179,3,0
1157,1662,1179,3,0
1157,1664,1179,3,0
1201,1585,1223,3,0
1201,1592,1223,3,0
1201,1599,1223,3,0
1201,1622,1223,3,0
1201,1623,1223,3,0
1201,1625,1223,3,0
1201,1633,1223,3,0
1201,1638,1223,3,0
1201,1662,1223,3,0
1201,1664,1223,3,0
1211,1641,1233,3,0
1245,1585,1267,3,0
1245,1592,1267,3,0
1245,1599,1267,3,0
1245,1622,1267,3,0
1245,1623,1267,3,0
1245,1624,1267,3,0
1245,1625,1267,3,0
1245,1633,1267,3,0
1245,1638,1267,3,0
1245,1639,1267,3,0
1245,1662,1267,3,0
1245,1664,1267,3,0
1245,1671,1267,3,0
1289,1585,1311,3,0
1289,1586,1311,3,0
1289,1590,1311,3,0
1289,1592,1311,3,0
1289,1599,1311,3,0
1289,1607,1311,3,0
1289,1622,1311,3,0
1289,1623,1311,3,0
1289,1624,1311,3,0
1289,1625,1311,3,0
1289,1627,1311,3,0
1289,1633,1311,3,0
1289,1635,1311,3,0
1289,1638,1311,3,0
1289,1639,1311,3,0
1289,1651,1311,3,0
1289,1662,1311,3,0
1289,1664,1311,3,0
1289,1665,1311,3,0
1289,1671,1311,3,0
1289,1677,1311,3,0
1333,1585,1355,3,0
1333,1586,1355,3,0
1333,1590,1355,3,0
1333,1592,1355,3,0
1333,1599,1355,3,0
1333,1607,1355,3,0
1333,1615,1355,3,0
1333,1622,1355,3,0
1333,1623,1355,3,0
1333,1624,1355,3,0
1333,1625,1355,3,0
1333,1627,1355,3,0
1333,1633,1355,3,0
1333,1635,1355,3,0
1333,1638,1355,3,0
1333,1639,1355,3,0
1333,1649,1355,3,0
1333,1651,1355,3,0
1333,1662,1355,3,0
1333,1664,1355,3,0
1333,1665,1355,3,0
1333,1669,1355,3,0
1333,1671,1355,3,0
1333,1677,1355,3,0
1377,1584,1399,3,0
1377,1585,1399,3,0
1377,1586,1399,3,0
1377,1590,1399,3,0
1377,1591,1399,3,0
1377,1592,1399,3,0
1377,1599,1399,3,0
1377,1607,1399,3,0
1377,1615,1399,3,0
1377,1617,1399,3,0
1377,1622,1399,3,0
1377,1623,1399,3,0
1377,1624,1399,3,0
1377,1625,1399,3,0
1377,1627,1399,3,0
1377,1633,1399,3,0
1377,1635,1399,3,0
1377,1639,1399,3,0
1377,1649,1399,3,0
1377,1651,1399,3,0
1377,1662,1399,3,0
1377,1664,1399,3,0
1377,1665,1399,3,0
1377,1669,1399,3,0
1377,1671,1399,3,0
1377,1677,1399,3,0
1421,1584,1443,3,0
1421,1585,1443,3,0
1421,1586,1443,3,0
1421,1590,1443,3,0
1421,1591,1443,3,0
1421,1592,1443,3,0
1421,1599,1443,3,0
1421,1607,1443,3,0
1421,1615,1443,3,0
1421,1617,1443,3,0
1421,1622,1443,3,0
1421,1623,1443,3,0
1421,1624,1443,3,0
1421,1625,1443,3,0
1421,1627,1443,3,0
1421,1633,1443,3,0
1421,1635,1443,3,0
1421,1639,1443,3,0
1421,1649,1443,3,0
1421,1651,1443,3,0
1421,1662,1443,3,0
1421,1664,1443,3,0
1421,1665,1443,3,0
1421,1669,1443,3,0
1421,1671,1443,3,0
1421,1677,1443,3,0
1465,1584,1487,3,0
1465,1585,1487,3,0
1465,1586,1487,3,0
1465,1590,1487,3,0
1465,1591,1487,3,0
1465,1592,1487,3,0
1465,1599,1487,3,0
1465,1607,1487,3,0
1465,1615,1487,3,0
1465,1617,1487,3,0
1465,1622,1487,3,0
1465,1623,1487,3,0
1465,1624,1487,3,0
1465,1625,1487,3,0
1465,1627,1487,3,0
1465,1633,1487,3,0
1465,1635,1487,3,0
1465,1639,1487,3,0
1465,1649,1487,3,0
1465,1651,1487,3,0
1465,1662,1487,3,0
1465,1664,1487,3,0
1465,1665,1487,3,0
1465,1669,1487,3,0
1465,1671,1487,3,0
1465,1677,1487,3,0
1509,1584,1531,3,0
1509,1585,1531,3,0
1509,1586,1531,3,0
1509,1590,1531,3,0
1509,1591,1531,3,0
1509,1599,1531,3,0
1509,1607,1531,3,0
1509,1615,1531,3,0
1509,1617,1531,3,0
1509,1622,1531,3,0
1509,1623,1531,3,0
1509,1624,1531,3,0
1509,1625,1531,3,0
1509,1627,1531,3,0
1509,1633,1531,3,0
1509,1635,1531,3,0
1509,1639,1531,3,0
1509,1649,1531,3,0
1509,1651,1531,3,0
1509,1664,1531,3,0
1509,1665,1531,3,0
1509,1669,1531,3,0
1509,1671,1531,3,0
1509,1677,1531,3,0
1553,1584,1575,3,0
1553,1585,1575,3,0
1553,1586,1575,3,0
1553,1590,1575,3,0
1553,1591,1575,3,0
1553,1599,1575,3,0
1553,1607,1575,3,0
1553,1615,1575,3,0
1553,1617,1575,3,0
1553,1622,1575,3,0
1553,1623,1575,3,0
1553,1624,1575,3,0
1553,1625,1575,3,0
1553,1627,1575,3,0
1553,1635,1575,3,0
1553,1639,1575,3,0
1553,1649,1575,3,0
1553,1651,1575,3,0
1553,1664,1575,3,0
1553,1665,1575,3,0
1553,1669,1575,3,0
1553,1671,1575,3,0
1553,1677,1575,3,0
