1477,1648,1648,5,1,1499,3,0
1499,1648,1648,5,1,1477,0,3
1500,1648,1499,1,2
1501,1648,1500,1,2
1512,1648,1513,2,1
1513,1648,1514,2,1
1514,1648,1515,2,1
1526,1633,1633,5,1,1548,3,0
1545,1633,1546,2,1
1546,1633,1547,2,1
1547,1633,1548,2,1
1548,1633,1633,5,1,1526,0,3,1570,3,0
1554,1633,1553,1,2
1555,1633,1554,1,2
1556,1633,1555,1,2
1570,1633,1633,5,1,8,3,3,1548,0,3
1593,1633,1543,0,4
1611,1633,1546,0,4
1633,1593,1548,0,4
1633,1611,1548,0,4
1633,1648,1548,0,4
1633,1658,1548,0,4
1633,1663,1548,0,4
1648,1621,1499,0,4
1648,1654,1499,0,4
1648,1667,1499,0,4
1648,1675,1499,0,4
1675,1648,1505,0,4
