279,1310,315,3,0
280,1310,316,3,0
281,1310,317,3,0
293,1310,1310,5,1,294,2,1,329,3,0
294,1310,1310,5,1,258,0,3,293,1,2
312,1310,313,2,1
329,1310,1310,5,1,293,0,3
496,1296,532,3,0
530,1319,531,2,1
615,1378,1378,5,1,579,0,3,614,1,2
650,1378,1378,5,1,614,0,3
651,1378,615,0,3
652,1378,616,0,3
653,1378,617,0,3
1298,1378,265,0,4
1299,1310,321,0,4
1310,1299,293,0,4
1310,1308,293,0,4
1310,1312,293,0,4
1310,1314,293,0,4
1310,1346,293,0,4
1310,1355,293,0,4
1310,1371,293,0,4
1312,1310,290,0,4
1327,1373,617,0,4
1341,1363,265,0,4
1342,1378,160,0,4
1346,1310,319,0,4
1347,1378,265,0,4
1355,1310,322,0,4
1363,1341,265,0,4
1363,1378,265,0,4
1373,1327,615,0,4
1378,1298,229,0,4
1378,1342,159,0,4
1378,1347,229,0,4
1378,1363,229,0,4
