243,1375,279,3,0
279,1375,315,3,0
280,1375,316,3,0
281,1375,317,3,0
293,1375,1375,5,1,294,2,1,329,3,0
294,1375,1375,5,1,258,0,3,293,1,2,295,2,1
329,1375,1375,5,1,293,0,3
367,1334,1334,5,1,368,2,1
402,1334,1334,5,1,438,3,0
403,1334,402,1,2
404,1334,368,0,3
405,1334,369,0,3
406,1334,370,0,3
439,1334,438,1,2
442,1334,406,0,3
442,1361,1361,5,1,406,0,3,443,2,1
455,1336,419,0,3
477,1361,1361,5,1,513,3,0
478,1361,477,1,2
514,1361,513,1,2
515,1361,479,0,3
518,1395,517,1,2
527,1361,491,0,3
550,1361,549,1,2
551,1361,515,0,3
563,1361,527,0,3
586,1361,585,1,2
622,1361,621,1,2
658,1361,657,1,2
1303,1327,372,0,4
1303,1364,477,0,4
1312,1375,290,0,4
1327,1303,372,0,4
1334,1364,473,0,4
1346,1375,319,0,4
1361,1346,373,0,4
1364,1303,477,0,4
1364,1334,476,0,4
1375,1299,293,0,4
1375,1308,293,0,4
1375,1312,293,0,4
1375,1314,293,0,4
1375,1346,293,0,4
1375,1355,293,0,4
1375,1371,293,0,4
