162,1394,126,0,3
338,1330,339,2,1
1010,1355,1011,2,1
1036,1360,1072,3,0
1072,1360,1108,3,0
1109,1360,1110,2,1
1122,1360,1360,5,1,1123,2,1,1158,3,0
1123,1360,1360,5,1,1122,1,2,1124,2,1,1159,3,0
1143,1360,1144,2,1
1144,1360,1145,2,1
1145,1360,1146,2,1
1158,1360,1360,5,1,1122,0,3,1159,2,1,1194,3,0
1316,1360,1086,0,4
1342,1395,194,0,4
1360,1316,1122,0,4
1360,1380,1122,0,4
1360,1385,1122,0,4
1360,1388,1122,0,4
1361,1364,583,0,4
1364,1361,583,0,4
1382,1387,616,0,4
1385,1360,1145,0,4
1387,1382,435,0,4
1388,1360,1121,0,4
1395,1342,194,0,4
