211,1306,212,2,1
331,1335,1335,5,1,295,0,3,330,1,2
366,1335,1335,5,1,330,0,3,365,1,2
367,1335,331,0,3
368,1335,332,0,3
369,1335,333,0,3
387,1308,423,3,0
420,1308,421,2,1
422,1308,423,2,1
423,1308,459,3,0
458,1308,459,2,1
459,1308,1308,5,1,460,2,1,495,3,0
460,1308,1308,5,1,424,0,3,459,1,2
495,1308,1308,5,1,459,0,3,494,1,2,531,3,0
593,1342,592,1,2
1302,1381,371,0,4
1308,1361,459,0,4
1335,1296,331,0,4
1335,1302,331,0,4
1335,1303,331,0,4
1335,1319,331,0,4
1335,1327,331,0,4
1335,1329,331,0,4
1335,1349,331,0,4
1335,1361,331,0,4
1335,1364,331,0,4
1335,1377,331,0,4
1335,1381,331,0,4
1335,1383,331,0,4
1335,1389,331,0,4
1336,1383,582,0,4
1377,1335,335,0,4
1381,1302,371,0,4
1383,1336,582,0,4
