206,1375,242,3,0
219,1378,255,3,0
543,1378,1378,5,1,544,2,1,579,3,0
544,1378,1378,5,1,543,1,2,580,3,0
570,1378,571,2,1
571,1378,572,2,1
574,1326,610,3,0
579,1378,1378,5,1,543,0,3,580,2,1,615,3,0
858,1301,894,3,0
910,1358,1358,5,1,911,2,1,946,3,0
943,1358,944,2,1
944,1358,945,2,1
945,1358,946,2,1
946,1358,1358,5,1,910,0,3
1022,1345,1021,1,2
1056,1349,1055,1,2
1186,1318,1222,3,0
1297,1378,543,0,4
1299,1378,356,0,4
1334,1378,543,0,4
1351,1389,300,0,4
1378,1297,543,0,4
1378,1299,543,0,4
1378,1300,543,0,4
1378,1312,543,0,4
1378,1314,543,0,4
1378,1318,543,0,4
1378,1334,543,0,4
1378,1340,543,0,4
1378,1355,543,0,4
1378,1362,543,0,4
1378,1367,543,0,4
1378,1368,543,0,4
1378,1371,543,0,4
1378,1386,543,0,4
1378,1387,543,0,4
1378,1392,543,0,4
1378,1394,543,0,4
1384,1393,1229,0,4
1387,1378,435,0,4
1389,1351,300,0,4
1393,1384,37,0,4
