102,1374,138,3,0
125,1359,1359,5,1,89,0,3,124,1,2
135,1374,171,3,0
138,1374,174,3,0
160,1359,1359,5,1,124,0,3
161,1359,125,0,3
162,1359,126,0,3
163,1359,127,0,3
164,1359,128,0,3
165,1359,129,0,3
166,1359,130,0,3
174,1374,210,3,0
192,1391,193,2,1
193,1391,194,2,1
194,1391,1391,5,1,195,2,1,230,3,0
195,1391,1391,5,1,194,1,2,231,3,0
210,1374,246,3,0
211,1378,212,2,1
230,1391,1391,5,1,194,0,3,231,2,1,266,3,0
246,1374,282,3,0
281,1374,317,3,0
282,1374,318,3,0
291,1374,327,3,0
317,1374,353,3,0
318,1374,354,3,0
319,1374,355,3,0
327,1374,1374,5,1,328,2,1,363,3,0
328,1374,1374,5,1,327,1,2,329,2,1,364,3,0
350,1374,351,2,1
351,1374,352,2,1
352,1374,353,2,1
353,1374,354,2,1
363,1374,1374,5,1,327,0,3,364,2,1,399,3,0
367,1389,403,3,0
412,1301,411,1,2
459,1315,495,3,0
475,1389,1389,5,1,476,2,1,511,3,0
476,1389,1389,5,1,475,1,2,512,3,0
511,1389,1389,5,1,475,0,3,512,2,1,547,3,0
965,1316,966,2,1
1124,1319,1160,3,0
1299,1374,356,0,4
1307,1391,121,0,4
1308,1374,354,0,4
1312,1374,325,0,4
1339,1383,335,0,4
1341,1382,265,0,4
1348,1387,435,0,4
1348,1391,49,0,4
1355,1374,356,0,4
1373,1391,194,0,4
1374,1299,327,0,4
1374,1308,327,0,4
1374,1312,327,0,4
1374,1314,327,0,4
1374,1346,327,0,4
1374,1355,327,0,4
1374,1371,327,0,4
1374,1386,327,0,4
1382,1341,265,0,4
1383,1339,335,0,4
1386,1374,321,0,4
1387,1348,435,0,4
1387,1391,14,0,4
1389,1312,475,0,4
1389,1318,475,0,4
1389,1345,475,0,4
1389,1348,475,0,4
1389,1362,475,0,4
1389,1367,475,0,4
1389,1376,475,0,4
1389,1387,475,0,4
1391,1307,194,0,4
1391,1334,194,0,4
1391,1348,194,0,4
1391,1357,194,0,4
1391,1373,194,0,4
1391,1387,194,0,4
