187,1334,223,3,0
221,1334,222,2,1
222,1334,223,2,1
223,1334,259,3,0
246,1334,247,2,1
257,1334,258,2,1
258,1334,259,2,1
259,1334,295,3,0
294,1334,295,2,1
295,1334,331,3,0
330,1334,331,2,1
331,1334,367,3,0
367,1334,1334,5,1,368,2,1,403,3,0
368,1334,1334,5,1,332,0,3,367,1,2
403,1334,1334,5,1,367,0,3,402,1,2,439,3,0
425,1361,461,3,0
462,1361,498,3,0
498,1361,534,3,0
509,1361,545,3,0
545,1361,581,3,0
617,1361,1361,5,1,618,2,1,653,3,0
618,1361,1361,5,1,617,1,2,619,2,1,654,3,0
641,1361,642,2,1
642,1361,643,2,1
653,1361,1361,5,1,617,0,3,654,2,1,689,3,0
1071,1352,1107,3,0
1072,1352,1108,3,0
1086,1352,1122,3,0
1108,1352,1144,3,0
1109,1352,1145,3,0
1122,1352,1352,5,1,1123,2,1,1158,3,0
1123,1352,1352,5,1,1122,1,2,1124,2,1,1159,3,0
1143,1352,1144,2,1
1144,1352,1145,2,1
1145,1352,1146,2,1
1158,1352,1352,5,1,1122,0,3,1159,2,1,1194,3,0
1161,1361,1197,3,0
1297,1361,544,0,4
1300,1325,507,0,4
1303,1339,336,0,4
1306,1361,615,0,4
1309,1361,615,0,4
1316,1352,1086,0,4
1325,1300,179,0,4
1334,1361,509,0,4
1334,1375,367,0,4
1334,1386,367,0,4
1334,1394,367,0,4
1339,1303,336,0,4
1340,1361,579,0,4
1343,1351,652,0,4
1349,1377,547,0,4
1351,1343,652,0,4
1351,1361,617,0,4
1352,1316,1122,0,4
1352,1356,1122,0,4
1352,1380,1122,0,4
1352,1385,1122,0,4
1356,1352,1122,0,4
1361,1297,617,0,4
1361,1300,617,0,4
1361,1306,617,0,4
1361,1307,617,0,4
1361,1309,617,0,4
1361,1324,617,0,4
1361,1326,617,0,4
1361,1330,617,0,4
1361,1332,617,0,4
1361,1334,617,0,4
1361,1340,617,0,4
1361,1351,617,0,4
1361,1354,617,0,4
1361,1357,617,0,4
1361,1368,617,0,4
1361,1378,617,0,4
1361,1392,617,0,4
1363,1377,653,0,4
1375,1334,295,0,4
1377,1349,547,0,4
1377,1363,653,0,4
1378,1361,615,0,4
1380,1352,1146,0,4
1382,1395,230,0,4
1385,1352,1145,0,4
1395,1382,230,0,4
