638,1395,674,3,0
639,1395,675,3,0
640,1395,676,3,0
641,1395,677,3,0
650,1395,1395,5,1,651,2,1,686,3,0
651,1395,1395,5,1,615,0,3,650,1,2,652,2,1
686,1395,1395,5,1,650,0,3
803,1316,1316,5,1,767,0,3,804,2,1
838,1316,1316,5,1,874,3,0
839,1316,838,1,2
875,1316,874,1,2
876,1316,840,0,3
887,1316,851,0,3
911,1316,910,1,2
912,1316,876,0,3
923,1316,887,0,3
947,1316,946,1,2
983,1316,982,1,2
1297,1336,192,0,4
1316,1330,909,0,4
1316,1333,1050,0,4
1316,1358,1086,0,4
1316,1394,804,0,4
1333,1316,1051,0,4
1336,1297,264,0,4
1358,1316,1086,0,4
1395,1308,650,0,4
1395,1346,650,0,4
