58,1348,22,0,2
227,1337,263,3,0
261,1337,262,2,1
262,1337,263,2,1
263,1337,1337,5,1,264,2,1,299,3,0
264,1337,1337,5,1,263,1,2,265,2,1,300,3,0
299,1337,1337,5,1,263,0,3,300,2,1,335,3,0
363,1341,399,3,0
568,1332,569,2,1
571,1316,572,2,1
742,1314,1314,5,1,706,0,3,743,2,1
777,1314,1314,5,1,776,1,2,813,3,0
778,1314,777,1,2
779,1314,743,0,3
780,1314,744,0,3
781,1314,745,0,3
782,1314,746,0,3
783,1314,747,0,3
814,1314,813,1,2
1123,1337,1124,2,1
1302,1384,583,0,4
1311,1335,229,0,4
1314,1322,743,0,4
1314,1330,392,0,4
1325,1337,143,0,4
1330,1314,572,0,4
1335,1311,190,0,4
1337,1305,263,0,4
1337,1310,263,0,4
1337,1320,263,0,4
1337,1323,263,0,4
1337,1325,263,0,4
1337,1328,263,0,4
1337,1335,263,0,4
1337,1350,263,0,4
1337,1355,263,0,4
1337,1360,263,0,4
1337,1365,263,0,4
1337,1375,263,0,4
1337,1376,263,0,4
1337,1384,263,0,4
1337,1386,263,0,4
1337,1390,263,0,4
1337,1394,263,0,4
1341,1312,651,0,4
1360,1337,1160,0,4
1375,1337,154,0,4
1376,1337,262,0,4
1384,1302,1052,0,4
