90,1359,1359,5,1,54,0,3,91,2,1
125,1359,1359,5,1,124,1,2,161,3,0
126,1359,125,1,2
127,1359,91,0,3
128,1359,92,0,3
129,1359,93,0,3
130,1359,94,0,3
131,1359,95,0,3
132,1359,96,0,3
133,1359,97,0,3
134,1359,98,0,3
135,1359,99,0,3
162,1359,161,1,2
198,1359,197,1,2
234,1359,233,1,2
270,1359,269,1,2
306,1359,305,1,2
342,1359,341,1,2
378,1359,377,1,2
414,1359,413,1,2
450,1359,449,1,2
472,1379,473,2,1
486,1359,485,1,2
522,1359,521,1,2
558,1359,557,1,2
594,1359,593,1,2
614,1391,650,3,0
630,1359,629,1,2
666,1359,665,1,2
696,1316,732,3,0
731,1316,732,2,1
732,1316,1316,5,1,733,2,1,768,3,0
733,1316,1316,5,1,697,0,3,732,1,2,734,2,1
768,1316,1316,5,1,732,0,3,767,1,2,804,3,0
1192,1379,1379,5,1,1156,0,3,1191,1,2
1227,1379,1379,5,1,1191,0,3
1228,1379,1192,0,3
1229,1379,1193,0,3
1230,1379,1194,0,3
1359,1325,91,0,4
1391,1326,686,0,4
