245,1300,281,3,0
404,1315,405,2,1
975,1367,976,2,1
1197,1367,1198,2,1
1198,1367,1199,2,1
1199,1367,1200,2,1
1202,1367,1367,5,1,1203,2,1,1238,3,0
1203,1367,1367,5,1,1202,1,2,1204,2,1,1239,3,0
1238,1367,1367,5,1,1202,0,3,1239,2,1
1335,1337,190,0,4
1337,1335,299,0,4
1350,1367,1200,0,4
1367,1301,1202,0,4
1367,1305,1202,0,4
1367,1316,1202,0,4
1367,1333,1202,0,4
1367,1350,1202,0,4
1367,1352,1202,0,4
1367,1356,1202,0,4
1367,1358,1202,0,4
1367,1360,1202,0,4
1367,1366,1202,0,4
1367,1370,1202,0,4
1367,1372,1202,0,4
1367,1379,1202,0,4
1367,1384,1202,0,4
1367,1388,1202,0,4
1367,1390,1202,0,4
1372,1367,1191,0,4
