99,1610,1610,5,1,77,0,3
120,1610,1610,5,1
121,1610,143,3,0
122,1610,144,3,0
123,1610,145,3,0
124,1610,146,3,0
125,1610,147,3,0
126,1610,148,3,0
143,1610,1610,5,1
201,1611,1611,5,1,223,3,0
223,1611,1611,5,1,201,0,3,224,2,1,245,3,0
224,1611,1611,5,1,223,1,2
236,1611,237,2,1
237,1611,238,2,1
245,1611,1611,5,1,223,0,3,267,3,0
1345,1674,1346,2,1
1610,1613,143,0,4
1610,1616,966,0,4
1610,1668,143,0,4
1610,1673,143,0,4
1610,1681,967,0,4
1616,1610,956,0,4
1626,1661,837,0,4
1661,1626,837,0,4
1673,1610,145,0,4
1681,1610,955,0,4
