866,1667,1667,5,1,888,3,0
885,1667,886,2,1
886,1667,887,2,1
887,1667,888,2,1
888,1667,1667,5,1,866,0,3,910,3,0
893,1667,892,1,2
894,1667,893,1,2
895,1667,894,1,2
896,1667,895,1,2
910,1667,1667,5,1,888,0,3,932,3,0
954,1641,1641,5,1,976,3,0
973,1641,974,2,1
973,1657,951,0,3
974,1641,975,2,1
975,1641,976,2,1
976,1641,1641,5,1,954,0,3,998,3,0
981,1641,980,1,2
982,1641,981,1,2
983,1641,982,1,2
984,1641,983,1,2
998,1641,1641,5,1,976,0,3,1020,3,0
1609,1667,881,0,4
1629,1667,881,0,4
1649,1667,882,0,4
1667,1586,888,0,4
1667,1596,888,0,4
1667,1609,888,0,4
1667,1629,888,0,4
1667,1632,888,0,4
1667,1647,888,0,4
1667,1649,888,0,4
1667,1651,888,0,4
1667,1676,888,0,4
