41,5373,40,0,1
84,5307,85,1,0
210,5366,211,2,1
400,5317,401,2,1
572,5307,5307,5,1,462,0,3,571,1,2,573,2,1
681,5307,5307,5,1,571,0,3,680,1,2
682,5307,572,0,3
923,5305,5305,5,1,924,2,1
924,5305,5305,5,1,814,0,3,923,1,2,925,2,1
957,5314,958,2,1
957,5372,958,2,1
1001,5305,1002,2,1
1113,5305,1114,2,1
1113,5366,1114,2,1
1338,5305,1339,2,1
1358,5345,5345,5,1,1359,2,1
1359,5345,5345,5,1,1249,0,3,1358,1,2,1360,2,1
1447,5345,1448,2,1
1451,5305,1452,2,1
1562,5305,1563,2,1
1634,5317,1635,2,1
1671,5345,1672,2,1
1894,5312,1895,2,1
1908,5333,1907,1,2
2008,5305,1898,0,3
2116,5280,2117,2,1
2159,5334,2160,2,1
2296,5300,2297,2,1
2344,5305,2234,0,3
2456,5305,2346,0,3
2564,5345,2454,0,3
2567,5373,2566,1,2
2569,5305,2459,0,3
2598,5299,2599,2,1
2681,5305,2571,0,3
3023,5378,3133,3,0
3030,5297,3031,2,1
3102,5307,3103,2,1
3162,5345,3052,0,3
3217,5288,3327,3,0
3252,5322,3253,2,1
3404,5378,3294,0,3
3472,5327,3473,2,1
3720,5350,3830,3,0
4604,5359,4605,2,1
4861,5325,4862,2,1
4875,5304,5304,5,1,4874,1,2,4876,2,1
4984,5304,5304,5,1,4874,0,3,4983,1,2,5094,3,0
4985,5304,4984,1,2
5048,5335,5049,2,1
5141,5304,5140,1,2
5142,5304,5141,1,2
5286,5323,1030,0,4
5304,5288,4984,0,4
5304,5358,4984,0,4
5304,5371,4984,0,4
5305,5335,923,0,4
5305,5367,923,0,4
5305,5370,923,0,4
5305,5378,923,0,4
5318,5335,2212,0,4
5320,5360,2652,0,4
5323,5286,1030,0,4
5335,5305,922,0,4
5335,5318,2542,0,4
5345,5348,1358,0,4
5345,5355,1358,0,4
5345,5359,1358,0,4
5348,5345,1357,0,4
5359,5345,1338,0,4
5360,5320,2102,0,4
