448,5291,558,3,0
809,5342,919,3,0
1021,5363,1131,3,0
1168,5319,1058,0,3
1194,5367,1304,3,0
1359,5303,1358,1,2
1469,5289,1468,1,2
1797,5333,1796,1,2
2942,5355,2832,0,3
2991,5326,2990,1,2
3009,5342,3010,2,1
3010,5342,3011,2,1
3011,5342,3012,2,1
3012,5342,5342,5,1,3013,2,1,3122,3,0
3013,5342,5342,5,1,3012,1,2,3014,2,1,3123,3,0
3035,5282,3036,2,1
3081,5343,3080,1,1
3122,5342,5342,5,1,3012,0,3,3121,1,2,3123,2,1
3365,5347,3366,2,1
3445,5307,3444,1,2
3875,5291,3876,2,1
3942,5289,3943,2,1
4247,5372,4137,0,3
4376,5316,4266,0,3
4642,5374,5374,5,1,4643,2,1
4751,5374,5374,5,1,4750,1,2,4861,3,0
4752,5374,4751,1,2
4760,5374,4650,0,3
4762,5374,4652,0,3
5213,5345,5212,1,2
5303,5280,1247,0,4
5342,5300,3012,0,4
