24,5307,134,2,0
84,5307,194,2,0
134,5307,244,3,0
193,5307,303,3,0
194,5307,304,3,0
243,5307,244,2,1
244,5307,5307,5,1,245,2,1,354,3,0
245,5307,5307,5,1,135,0,3,244,1,2,246,2,1,355,3,0
302,5307,303,2,1
303,5307,304,2,1
304,5307,305,2,1
305,5307,306,2,1
354,5307,5307,5,1,244,0,3,353,1,2,355,2,1,464,3,0
431,5308,541,3,0
539,5308,649,3,0
875,5308,985,3,0
890,5340,780,0,3
919,5331,920,2,1
920,5331,921,2,1
921,5331,922,2,1
922,5331,5331,5,1,923,2,1,1032,3,0
923,5331,5331,5,1,922,1,2,924,2,1,1033,3,0
980,5325,981,2,1
985,5308,1095,3,0
1000,5281,1110,3,0
1002,5305,1003,2,1
1029,5320,5320,5,1,1030,2,1
1030,5320,5320,5,1,1029,1,2,1031,2,1
1031,5296,921,0,3
1032,5331,5331,5,1,922,0,3,1031,1,2,1033,2,1
1095,5308,1205,3,0
1103,5308,1213,3,0
1114,5305,1115,2,1
1114,5320,1115,2,1
1205,5308,1315,3,0
1213,5308,1323,3,0
1227,5305,1228,2,1
1315,5308,1425,3,0
1323,5308,1433,3,0
1339,5305,1340,2,1
1339,5320,1340,2,1
1425,5308,1535,3,0
1433,5308,1543,3,0
1525,5288,1635,3,0
1535,5308,1645,3,0
1543,5308,1653,3,0
1645,5308,1755,3,0
1653,5308,1763,3,0
1755,5308,1865,3,0
1763,5308,1873,3,0
1842,5374,1732,0,3
1865,5308,1975,3,0
1873,5308,1983,3,0
1941,5308,1942,2,1
1975,5308,2085,3,0
1983,5308,2093,3,0
2001,5336,2002,2,1
2049,5308,2050,2,1
2085,5308,2195,3,0
2093,5308,2203,3,0
2157,5318,2158,2,1
2195,5308,2305,3,0
2203,5308,2313,3,0
2224,5364,2225,2,1
2232,5305,2122,0,3
2232,5320,2122,0,3
2263,5305,2153,0,3
2282,5339,2172,0,3
2305,5308,2415,3,0
2313,5308,2423,3,0
2415,5308,2525,3,0
2423,5308,5308,5,1,2424,2,1,2533,3,0
2424,5308,5308,5,1,2423,1,2,2425,2,1,2534,3,0
2456,5320,2346,0,3
2533,5308,5308,5,1,2423,0,3,2532,1,2,2534,2,1
2550,5348,5348,5,1,2440,0,3,2549,1,2
2598,5287,2488,0,3
2626,5287,2627,2,1
2659,5348,5348,5,1,2549,0,3,2658,1,2
2660,5348,2659,1,2
2665,5348,2555,0,3
2666,5348,2556,0,3
2667,5348,2557,0,3
2672,5346,2782,3,0
2759,5305,5305,5,1,2869,3,0
2760,5305,2759,1,2
2771,5305,2881,3,0
2772,5305,2882,3,0
2773,5305,2883,3,0
2774,5305,2884,3,0
2775,5305,2885,3,0
2776,5305,2886,3,0
2777,5305,2887,3,0
2870,5305,5305,5,1,2869,1,2
2942,5326,3052,3,0
3038,5287,3039,2,1
3513,5341,3514,2,1
3787,5293,3786,1,2
3892,5331,4002,3,0
3892,5335,3891,1,2
3993,5326,4103,3,0
4001,5372,4000,1,2
4060,5281,4061,2,1
4273,5348,4274,2,1
4427,5336,4317,0,3
4612,5293,4613,2,1
4812,5339,4922,3,0
5053,5351,5054,2,1
5281,5370,2210,0,4
5281,5378,2210,0,4
5288,5330,1550,0,4
5295,5331,922,0,4
5305,5286,2759,0,4
5305,5303,2759,0,4
5305,5333,2759,0,4
5305,5335,814,0,4
5305,5348,2759,0,4
5305,5365,2870,0,4
5305,5367,924,0,4
5305,5373,2759,0,4
5307,5337,244,0,4
5308,5283,2423,0,4
5308,5292,2423,0,4
5308,5298,2423,0,4
5308,5302,2423,0,4
5308,5309,2423,0,4
5308,5314,2423,0,4
5308,5339,2423,0,4
5308,5346,2423,0,4
5308,5352,2423,0,4
5308,5355,2423,0,4
5308,5370,2423,0,4
5308,5376,2423,0,4
5318,5331,481,0,4
5320,5283,1029,0,4
5320,5339,1029,0,4
5320,5358,2652,0,4
5320,5370,1029,0,4
5321,5331,812,0,4
5326,5292,2971,0,4
5326,5330,2971,0,4
5329,5331,41,0,4
5331,5288,922,0,4
5331,5295,922,0,4
5331,5318,922,0,4
5331,5319,922,0,4
5331,5321,922,0,4
5331,5329,922,0,4
5331,5358,922,0,4
5331,5360,922,0,4
5335,5305,812,0,4
5348,5285,2550,0,4
5348,5289,2550,0,4
5348,5292,2550,0,4
5348,5300,2550,0,4
5348,5309,2550,0,4
5348,5312,2550,0,4
5348,5317,2550,0,4
5348,5330,2550,0,4
5348,5336,2550,0,4
5348,5337,2550,0,4
5348,5340,2550,0,4
5348,5342,2550,0,4
5348,5344,2550,0,4
5348,5350,2550,0,4
5348,5354,2550,0,4
5348,5356,2550,0,4
5348,5363,2550,0,4
5348,5368,2550,0,4
5348,5372,2550,0,4
5348,5374,2550,0,4
5348,5377,2550,0,4
5358,5320,1552,0,4
5358,5331,5101,0,4
5360,5331,371,0,4
5365,5305,2873,0,4
5367,5305,923,0,4
5370,5320,1094,0,4
