22,1210,1144,3,3
22,1225,1144,3,3
47,1190,48,2,1
53,1158,87,3,0
53,1164,19,0,2
53,1166,87,3,0
53,1175,87,3,0
53,1181,87,3,0
53,1197,87,3,0
53,1198,87,3,0
53,1199,87,3,0
53,1201,87,3,0
53,1203,87,3,0
53,1207,87,3,0
53,1208,19,0,2
53,1223,87,3,0
53,1238,87,3,0
53,1242,87,3,0
53,1251,87,3,0
53,1255,87,3,0
90,1210,56,0,3
90,1225,56,0,3
115,1190,116,2,1
121,1158,155,3,0
121,1160,87,0,3
121,1164,87,0,3
121,1167,87,0,3
121,1175,155,3,0
121,1181,155,3,0
121,1198,155,3,0
121,1199,155,3,0
121,1201,155,3,0
121,1203,155,3,0
121,1207,155,3,0
121,1208,87,0,3
121,1217,87,0,3
121,1223,155,3,0
121,1242,155,3,0
121,1251,155,3,0
158,1210,124,0,3
158,1225,124,0,3
183,1190,184,2,1
189,1160,155,0,3
189,1164,155,0,3
189,1166,155,0,3
189,1167,155,0,3
189,1169,155,0,3
189,1194,155,0,3
189,1200,155,0,3
189,1208,155,0,3
189,1217,155,0,3
189,1218,223,3,0
189,1238,155,0,3
189,1239,223,3,0
251,1190,252,2,1
257,1160,223,0,3
257,1164,223,0,3
257,1166,223,0,3
257,1167,223,0,3
257,1169,223,0,3
257,1175,223,0,3
257,1181,223,0,3
257,1194,223,0,3
257,1198,223,0,3
257,1200,223,0,3
257,1201,223,0,3
257,1203,223,0,3
257,1208,223,0,3
257,1213,291,3,0
257,1217,223,0,3
257,1218,291,3,0
257,1238,223,0,3
257,1239,291,3,0
308,1159,274,0,3
308,1174,274,0,3
308,1215,274,0,3
319,1159,320,2,1
319,1174,320,2,1
319,1215,320,2,1
325,1160,291,0,3
325,1166,291,0,3
325,1167,291,0,3
325,1169,291,0,3
325,1175,291,0,3
325,1181,291,0,3
325,1198,291,0,3
325,1199,291,0,3
325,1200,291,0,3
325,1201,291,0,3
325,1203,291,0,3
325,1208,291,0,3
325,1213,359,3,0
325,1217,291,0,3
325,1218,359,3,0
325,1238,291,0,3
325,1239,359,3,0
325,1242,291,0,3
325,1251,291,0,3
362,1209,328,0,3
370,1247,371,2,1
376,1159,342,0,3
376,1174,342,0,3
376,1215,342,0,3
387,1159,388,2,1
387,1174,388,2,1
387,1215,388,2,1
393,1160,359,0,3
393,1166,359,0,3
393,1167,359,0,3
393,1169,359,0,3
393,1175,359,0,3
393,1181,359,0,3
393,1198,359,0,3
393,1199,359,0,3
393,1200,359,0,3
393,1201,359,0,3
393,1203,359,0,3
393,1213,427,3,0
393,1217,359,0,3
393,1218,427,3,0
393,1238,359,0,3
393,1239,427,3,0
393,1242,359,0,3
393,1251,359,0,3
430,1209,396,0,3
444,1159,410,0,3
444,1174,410,0,3
444,1215,410,0,3
455,1159,456,2,1
455,1174,456,2,1
455,1215,456,2,1
461,1166,427,0,3
461,1169,427,0,3
461,1175,427,0,3
461,1181,427,0,3
461,1198,427,0,3
461,1201,427,0,3
461,1203,427,0,3
461,1213,495,3,0
461,1218,495,3,0
461,1238,427,0,3
461,1239,495,3,0
461,1242,427,0,3
461,1251,427,0,3
498,1209,464,0,3
512,1159,478,0,3
512,1174,478,0,3
512,1215,478,0,3
523,1159,524,2,1
523,1174,524,2,1
523,1215,524,2,1
529,1175,495,0,3
529,1181,495,0,3
529,1198,495,0,3
529,1201,495,0,3
529,1203,495,0,3
529,1213,563,3,0
529,1218,563,3,0
529,1239,563,3,0
529,1242,495,0,3
529,1251,495,0,3
566,1209,532,0,3
574,1171,575,2,1
574,1197,575,2,1
574,1255,575,2,1
580,1159,546,0,3
580,1174,546,0,3
580,1215,546,0,3
591,1159,592,2,1
591,1174,592,2,1
591,1190,592,2,1
591,1215,592,2,1
597,1164,631,3,0
597,1213,631,3,0
597,1218,631,3,0
597,1239,631,3,0
597,1251,563,0,3
659,1190,660,2,1
665,1164,699,3,0
665,1208,699,3,0
665,1213,699,3,0
727,1190,728,2,1
733,1157,767,3,0
733,1161,699,0,3
733,1164,767,3,0
733,1167,767,3,0
733,1200,767,3,0
733,1208,767,3,0
733,1232,699,0,3
733,1239,699,0,3
795,1190,796,2,1
801,1157,835,3,0
801,1160,835,3,0
801,1161,767,0,3
801,1164,835,3,0
801,1166,835,3,0
801,1167,835,3,0
801,1194,835,3,0
801,1197,835,3,0
801,1200,835,3,0
801,1208,835,3,0
801,1213,767,0,3
801,1217,835,3,0
801,1218,767,0,3
801,1232,767,0,3
801,1238,835,3,0
801,1239,767,0,3
801,1255,835,3,0
838,1193,804,0,3
863,1190,864,2,1
869,1157,903,3,0
869,1158,903,3,0
869,1160,903,3,0
869,1161,835,0,3
869,1164,903,3,0
869,1166,903,3,0
869,1167,903,3,0
869,1175,903,3,0
869,1181,903,3,0
869,1194,903,3,0
869,1197,903,3,0
869,1198,903,3,0
869,1199,903,3,0
869,1200,903,3,0
869,1201,903,3,0
869,1203,903,3,0
869,1207,903,3,0
869,1208,903,3,0
869,1213,835,0,3
869,1217,903,3,0
869,1218,835,0,3
869,1223,903,3,0
869,1232,835,0,3
869,1238,903,3,0
869,1239,835,0,3
869,1242,903,3,0
869,1255,903,3,0
906,1193,872,0,3
906,1244,872,0,3
937,1157,971,3,0
937,1158,971,3,0
937,1160,971,3,0
937,1161,903,0,3
937,1164,971,3,0
937,1166,971,3,0
937,1167,971,3,0
937,1175,971,3,0
937,1181,971,3,0
937,1194,971,3,0
937,1197,971,3,0
937,1198,971,3,0
937,1199,971,3,0
937,1200,971,3,0
937,1201,971,3,0
937,1203,971,3,0
937,1207,971,3,0
937,1208,971,3,0
937,1213,903,0,3
937,1217,971,3,0
937,1218,903,0,3
937,1223,971,3,0
937,1232,903,0,3
937,1238,971,3,0
937,1239,903,0,3
937,1242,971,3,0
937,1251,971,3,0
937,1255,971,3,0
974,1193,940,0,3
974,1244,940,0,3
999,1190,1000,2,1
1005,1157,1039,3,0
1005,1158,1039,3,0
1005,1160,1039,3,0
1005,1161,971,0,3
1005,1164,1039,3,0
1005,1166,1039,3,0
1005,1167,1039,3,0
1005,1175,1039,3,0
1005,1181,1039,3,0
1005,1194,1039,3,0
1005,1197,1039,3,0
1005,1198,1039,3,0
1005,1199,1039,3,0
1005,1200,1039,3,0
1005,1201,1039,3,0
1005,1203,1039,3,0
1005,1207,1039,3,0
1005,1208,1039,3,0
1005,1213,971,0,3
1005,1217,1039,3,0
1005,1218,971,0,3
1005,1223,1039,3,0
1005,1232,971,0,3
1005,1238,1039,3,0
1005,1239,971,0,3
1005,1242,1039,3,0
1005,1251,1039,3,0
1005,1255,1039,3,0
1042,1193,1008,0,3
1042,1244,1008,0,3
1067,1190,1068,2,1
1073,1157,1107,3,0
1073,1158,1107,3,0
1073,1160,1107,3,0
1073,1166,1107,3,0
1073,1167,1107,3,0
1073,1175,1107,3,0
1073,1181,1107,3,0
1073,1194,1107,3,0
1073,1197,1107,3,0
1073,1198,1107,3,0
1073,1199,1107,3,0
1073,1200,1107,3,0
1073,1201,1107,3,0
1073,1203,1107,3,0
1073,1207,1107,3,0
1073,1208,1107,3,0
1073,1213,1039,0,3
1073,1217,1107,3,0
1073,1223,1107,3,0
1073,1238,1107,3,0
1073,1242,1107,3,0
1073,1251,1107,3,0
1073,1255,1107,3,0
1078,1210,1044,0,3
1110,1210,1076,0,3
1135,1190,1136,2,1
1141,1157,19,3,3
1141,1158,19,3,3
1141,1160,19,3,3
1141,1166,19,3,3
1141,1167,19,3,3
1141,1175,19,3,3
1141,1181,19,3,3
1141,1194,19,3,3
1141,1197,19,3,3
1141,1198,19,3,3
1141,1199,19,3,3
1141,1200,19,3,3
1141,1201,19,3,3
1141,1203,19,3,3
1141,1207,19,3,3
1141,1217,19,3,3
1141,1223,19,3,3
1141,1238,19,3,3
1141,1242,19,3,3
1141,1251,19,3,3
1141,1255,19,3,3
1187,1249,283,0,4
1205,1243,377,0,4
1243,1205,581,0,4
1249,1187,283,0,4
