374,3409,494,3,0
388,3431,389,2,1
404,3401,405,2,1
406,3401,3401,5,1,407,2,1,526,3,0
407,3401,3401,5,1,406,1,2,408,2,1,527,3,0
494,3409,614,3,0
526,3401,3401,5,1,406,0,3,525,1,2,527,2,1
584,3440,585,2,1
614,3409,734,3,0
705,3409,706,2,1
734,3409,854,3,0
825,3409,826,2,1
827,3398,828,2,1
854,3409,974,3,0
917,3454,1037,3,0
946,3409,947,2,1
947,3409,948,2,1
970,3409,971,2,1
971,3409,972,2,1
974,3409,3409,5,1,975,2,1,1094,3,0
975,3409,3409,5,1,974,1,2,976,2,1,1095,3,0
1028,3417,1148,3,0
1067,3409,1068,2,1
1068,3409,1069,2,1
1094,3409,3409,5,1,974,0,3,1093,1,2,1095,2,1
1127,3430,1126,1,2
1390,3444,1270,0,3
1852,3451,1851,1,2
2145,3374,2146,2,1
3368,3401,3286,0,4
3370,3395,1687,0,4
3395,3370,1687,0,4
3399,3401,164,0,4
3401,3368,406,0,4
3401,3399,406,0,4
3401,3409,406,0,4
3401,3438,406,0,4
3401,3440,406,0,4
3409,3363,974,0,4
3409,3372,974,0,4
3409,3376,974,0,4
3409,3378,974,0,4
3409,3389,974,0,4
3409,3401,46,0,4
3409,3410,974,0,4
3409,3419,974,0,4
3409,3435,974,0,4
3409,3450,974,0,4
3409,3458,974,0,4
3438,3401,3285,0,4
