154,3440,274,3,0
155,3440,275,3,0
156,3440,276,3,0
172,3363,173,2,1
280,3440,3440,5,1,281,2,1,400,3,0
281,3440,3440,5,1,280,1,2,282,2,1
400,3440,3440,5,1,280,0,3,399,1,2
528,3407,3407,5,1,527,1,2,529,2,1
530,3446,3446,5,1,529,1,2,531,2,1
582,3413,583,2,1
647,3407,3407,5,1,527,0,3,646,1,2
648,3407,647,1,2
649,3446,3446,5,1,529,0,3,648,1,2
650,3407,530,0,3
650,3446,649,1,2
768,3407,767,1,2
770,3407,650,0,3
770,3446,769,1,2
771,3407,651,0,3
772,3407,652,0,3
786,3407,666,0,3
788,3446,787,1,2
861,3366,981,3,0
888,3407,887,1,2
890,3446,889,1,2
891,3407,771,0,3
892,3407,772,0,3
906,3407,786,0,3
907,3407,787,0,3
908,3446,907,1,2
941,3366,942,2,1
977,3366,978,2,1
978,3366,979,2,1
981,3366,1101,3,0
1008,3407,1007,1,2
1010,3446,1009,1,2
1027,3407,907,0,3
1028,3407,908,0,3
1028,3446,1027,1,2
1033,3369,1153,3,0
1055,3446,1175,3,0
1065,3425,1185,3,0
1098,3366,1099,2,1
1101,3366,1221,3,0
1128,3407,1127,1,2
1130,3446,1129,1,2
1148,3407,1028,0,3
1148,3446,1147,1,2
1185,3425,1305,3,0
1219,3366,1220,2,1
1221,3366,1341,3,0
1248,3407,1247,1,2
1305,3425,1425,3,0
1339,3366,1340,2,1
1341,3366,1461,3,0
1368,3407,1367,1,2
1425,3425,1545,3,0
1450,3444,1570,3,0
1452,3425,1572,3,0
1459,3366,1460,2,1
1461,3366,3366,5,1,1462,2,1,1581,3,0
1462,3366,3366,5,1,1461,1,2,1463,2,1
1488,3407,1487,1,2
1509,3407,1389,0,3
1545,3425,1665,3,0
1572,3425,1692,3,0
1577,3415,3415,5,1,1576,1,2,1578,2,1
1581,3366,3366,5,1,1461,0,3,1580,1,2
1608,3407,1607,1,2
1629,3446,1628,1,2
1665,3425,1785,3,0
1692,3425,1812,3,0
1696,3415,3415,5,1,1576,0,3,1695,1,2
1697,3415,1696,1,2
1749,3446,1748,1,2
1785,3425,1905,3,0
1812,3425,3425,5,1,1813,2,1,1932,3,0
1813,3425,3425,5,1,1812,1,2,1814,2,1,1933,3,0
1894,3425,1895,2,1
1895,3425,1896,2,1
1896,3425,1897,2,1
1897,3425,1898,2,1
1932,3425,3425,5,1,1812,0,3,1931,1,2,1933,2,1
2270,3457,2390,3,0
2673,3415,2793,3,0
3016,3428,2896,0,3
3028,3450,3029,2,1
3139,3415,3140,2,1
3188,3365,3068,0,3
3362,3455,646,0,4
3366,3368,1461,0,4
3366,3376,1461,0,4
3366,3435,1461,0,4
3366,3438,1461,0,4
3366,3439,1461,0,4
3368,3366,975,0,4
3384,3440,151,0,4
3410,3415,706,0,4
3411,3459,1809,0,4
3415,3365,1696,0,4
3415,3369,1696,0,4
3415,3380,1696,0,4
3415,3389,1696,0,4
3415,3392,1696,0,4
3415,3397,1696,0,4
3415,3410,640,0,4
3415,3416,1696,0,4
3415,3417,1696,0,4
3415,3420,1696,0,4
3415,3422,1696,0,4
3415,3424,1696,0,4
3415,3430,1696,0,4
3415,3434,1696,0,4
3415,3436,1696,0,4
3415,3443,1696,0,4
3415,3448,1696,0,4
3415,3452,1696,0,4
3415,3454,1696,0,4
3415,3457,1696,0,4
3425,3364,1812,0,4
3425,3370,1812,0,4
3425,3371,1812,0,4
3425,3373,1812,0,4
3425,3375,1812,0,4
3425,3379,1812,0,4
3425,3385,1812,0,4
3425,3388,1812,0,4
3425,3390,1812,0,4
3425,3394,1812,0,4
3425,3395,1812,0,4
3425,3396,1812,0,4
3425,3402,1812,0,4
3425,3404,1812,0,4
3425,3405,1812,0,4
3425,3406,1812,0,4
3425,3407,1812,0,4
3425,3415,1812,0,4
3425,3418,1812,0,4
3425,3421,1812,0,4
3425,3437,1812,0,4
3425,3442,1812,0,4
3425,3446,1812,0,4
3425,3455,1812,0,4
3425,3459,1812,0,4
3437,3425,1806,0,4
3439,3366,978,0,4
3440,3365,280,0,4
3440,3369,280,0,4
3440,3381,280,0,4
3440,3384,280,0,4
3440,3387,280,0,4
3440,3389,280,0,4
3440,3392,280,0,4
3440,3397,280,0,4
3440,3416,280,0,4
3440,3417,280,0,4
3440,3420,280,0,4
3440,3422,280,0,4
3440,3424,280,0,4
3440,3430,280,0,4
3440,3433,280,0,4
3440,3434,280,0,4
3440,3436,280,0,4
3440,3443,280,0,4
3440,3448,280,0,4
3440,3454,280,0,4
3440,3457,280,0,4
3446,3410,649,0,4
3446,3425,1812,0,4
3455,3362,646,0,4
3455,3425,1812,0,4
3459,3411,1809,0,4
3459,3425,1809,0,4
