68,3451,67,0,1
214,3457,334,3,0
215,3457,335,3,0
216,3457,336,3,0
217,3457,337,3,0
237,3406,238,2,1
358,3457,3457,5,1,359,2,1
359,3457,3457,5,1,240,2,3,358,1,2
558,3454,559,2,1
674,3457,675,2,1
941,3366,1061,3,0
946,3400,947,2,1
1004,3372,1005,2,1
1162,3458,1163,2,1
1182,3366,1302,3,0
1216,3366,1336,3,0
1285,3458,1286,2,1
1302,3366,1422,3,0
1336,3366,1456,3,0
1422,3366,1542,3,0
1456,3366,1576,3,0
1540,3457,1420,0,3
1542,3366,1662,3,0
1576,3366,3366,5,1,1577,2,1,1696,3,0
1577,3366,3366,5,1,1576,1,2,1578,2,1,1697,3,0
1657,3366,1658,2,1
1658,3366,1659,2,1
1659,3366,1660,2,1
1696,3366,3366,5,1,1576,0,3,1695,1,2,1697,2,1
1696,3383,3383,5,1,1695,1,2,1697,2,1
1815,3383,3383,5,1,1695,0,3,1814,1,2
1816,3383,1815,1,2
1818,3383,1698,0,3
1869,3405,1870,2,1
2028,3458,1908,0,3
2160,3458,2040,0,2
2212,3442,2211,1,2
2224,3458,3458,5,1,2223,1,2
2225,3458,2224,1,2
2279,3458,2159,0,3
2289,3435,2290,2,1
2365,3364,2366,2,1
2733,3433,2734,2,1
3133,3441,3013,0,3
3366,3361,1576,0,4
3366,3364,1576,0,4
3366,3370,1576,0,4
3366,3371,1576,0,4
3366,3373,1576,0,4
3366,3388,1576,0,4
3366,3390,1576,0,4
3366,3394,1576,0,4
3366,3396,1576,0,4
3366,3398,1576,0,4
3366,3399,1576,0,4
3366,3404,1576,0,4
3366,3412,1576,0,4
3366,3418,1576,0,4
3366,3421,1576,0,4
3366,3426,1576,0,4
3366,3431,1576,0,4
3366,3432,1576,0,4
3366,3440,1576,0,4
3366,3451,1576,0,4
3366,3456,1576,0,4
3370,3366,1572,0,4
3378,3458,713,0,4
3383,3360,1815,0,4
3386,3457,304,0,4
3457,3386,358,0,4
3457,3389,358,0,4
3457,3449,358,0,4
3458,3378,715,0,4
