37,3381,36,0,1
81,3381,80,0,1
156,3381,3381,5,1,155,1,2
157,3381,156,1,2
505,3433,3433,5,1,506,2,1,625,3,0
506,3433,3433,5,1,505,1,2,507,2,1
625,3433,3433,5,1,505,0,3,624,1,2
644,3457,764,3,0
696,3372,816,3,0
697,3372,817,3,0
820,3372,3372,5,1,821,2,1,940,3,0
821,3372,3372,5,1,820,1,2,822,2,1,941,3,0
940,3372,3372,5,1,820,0,3,939,1,2,941,2,1
1034,3416,1154,3,0
1425,3452,1426,2,1
1458,3457,1459,2,1
1687,3457,1688,2,1
1865,3418,1866,2,1
1974,3457,3457,5,1,1975,2,1,2094,3,0
1975,3457,3457,5,1,1974,1,2,1976,2,1,2095,3,0
1992,3399,2112,3,0
2023,3369,2024,2,1
2094,3457,3457,5,1,1974,0,3,2093,1,2,2095,2,1
2126,3381,2127,2,1
2241,3381,2240,1,2
2315,3454,2316,2,1
2316,3454,2317,2,1
2317,3454,3454,5,1,2318,2,1,2437,3,0
2318,3454,3454,5,1,2317,1,2,2319,2,1,2438,3,0
2361,3381,2360,1,2
2418,3438,2419,2,1
2437,3454,3454,5,1,2317,0,3,2436,1,2,2438,2,1,2557,3,0
2481,3381,2480,1,2
2507,3422,2508,2,1
2601,3381,2600,1,2
2713,3394,3394,5,1,2712,1,2
2714,3394,2713,1,2
2721,3381,2720,1,2
2797,3381,2796,1,2
2836,3394,2835,1,2
2837,3394,2836,1,2
2841,3381,2840,1,2
2917,3381,2916,1,2
2961,3381,2960,1,2
2985,3445,2986,2,1
3037,3381,3036,1,2
3081,3381,3080,1,2
3157,3381,3156,1,2
3201,3381,3200,1,2
3277,3381,3276,1,2
3321,3381,3320,1,2
3346,3394,106,3,3
3346,3453,3347,2,1
3372,3425,820,0,4
3372,3444,820,0,4
3372,3449,820,0,4
3374,3429,738,0,4
3381,3364,156,0,4
3381,3371,156,0,4
3381,3388,156,0,4
3381,3390,156,0,4
3381,3396,156,0,4
3381,3399,156,0,4
3381,3404,156,0,4
3381,3412,156,0,4
3381,3418,156,0,4
3381,3421,156,0,4
3381,3432,156,0,4
3381,3451,156,0,4
3394,3444,2713,0,4
3394,3449,2713,0,4
3401,3457,1694,0,4
3423,3457,1922,0,4
3429,3374,618,0,4
3433,3410,505,0,4
3433,3414,505,0,4
3433,3429,505,0,4
3457,3360,1974,0,4
3457,3362,1974,0,4
3457,3365,1974,0,4
3457,3366,1974,0,4
3457,3367,1974,0,4
3457,3375,1974,0,4
3457,3377,1974,0,4
3457,3379,1974,0,4
3457,3380,1974,0,4
3457,3383,1974,0,4
3457,3385,1974,0,4
3457,3386,1974,0,4
3457,3391,1974,0,4
3457,3393,1974,0,4
3457,3400,1974,0,4
3457,3401,1974,0,4
3457,3402,1974,0,4
3457,3403,1974,0,4
3457,3405,1974,0,4
3457,3406,1974,0,4
3457,3407,1974,0,4
3457,3411,1974,0,4
3457,3413,1974,0,4
3457,3415,1974,0,4
3457,3420,1974,0,4
3457,3422,1974,0,4
3457,3423,1974,0,4
3457,3425,1974,0,4
3457,3427,1974,0,4
3457,3428,1974,0,4
3457,3436,1974,0,4
3457,3441,1974,0,4
3457,3443,1974,0,4
3457,3445,1974,0,4
3457,3446,1974,0,4
3457,3447,1974,0,4
3457,3452,1974,0,4
3457,3453,1974,0,4
3457,3455,1974,0,4
