38,3384,37,0,1
82,3384,81,0,1
83,3384,82,0,1
203,3384,202,1,2
223,3414,224,2,1
324,3384,323,1,2
350,3371,470,3,0
459,3371,579,3,0
470,3371,590,3,0
493,3444,494,2,1
692,3371,812,3,0
733,3401,853,3,0
806,3443,807,2,1
831,3371,951,3,0
870,3420,990,3,0
943,3453,944,2,1
951,3371,1071,3,0
968,3371,1088,3,0
1044,3371,1045,2,1
1071,3371,1191,3,0
1088,3371,1208,3,0
1191,3371,1311,3,0
1208,3371,1328,3,0
1311,3371,1431,3,0
1328,3371,3371,5,1,1329,2,1,1448,3,0
1329,3371,3371,5,1,1328,1,2,1330,2,1,1449,3,0
1391,3371,1392,2,1
1448,3371,3371,5,1,1328,0,3,1447,1,2,1449,2,1
1839,3443,1959,3,0
1848,3444,1849,2,1
2452,3370,2451,1,2
2554,3448,3448,5,1,2555,2,1,2674,3,0
2555,3448,3448,5,1,2554,1,2,2556,2,1
2674,3448,3448,5,1,2554,0,3
2809,3409,2808,1,2
3158,3384,3384,5,1,3038,0,3,3157,1,2,3159,2,1
3253,3391,3133,0,3
3277,3384,3384,5,1,3157,0,3,3276,1,2
3278,3384,3277,1,2
3325,3384,3205,0,3
3326,3384,3206,0,3
3327,3384,3207,0,3
3328,3384,3208,0,3
3329,3384,3209,0,3
3330,3384,3210,0,3
3371,3372,1328,0,4
3371,3376,1328,0,4
3371,3382,1328,0,4
3371,3394,1328,0,4
3371,3410,1328,0,4
3371,3426,1328,0,4
3371,3431,1328,0,4
3371,3432,1328,0,4
3371,3456,1328,0,4
3384,3374,3277,0,4
3384,3399,35,0,4
3384,3409,3277,0,4
3384,3412,3277,0,4
3384,3439,3277,0,4
3394,3371,1432,0,4
3401,3363,1573,0,4
3401,3378,1573,0,4
3401,3419,1573,0,4
