92,3384,212,2,0
273,3414,153,0,3
291,3412,290,1,2
382,3414,3414,5,1,381,1,2
383,3414,382,1,2
397,3414,277,0,3
738,3406,739,2,1
767,3360,3360,5,1,766,1,2
847,3373,967,3,0
886,3360,3360,5,1,766,0,3,885,1,2
887,3360,886,1,2
1039,3360,1038,1,2
1127,3449,1128,2,1
1177,3360,1297,3,0
1190,3422,1191,2,1
1218,3431,1217,1,2
1287,3406,1288,2,1
1291,3391,1411,3,0
1782,3391,1902,3,0
1783,3391,1903,3,0
1785,3439,1786,2,1
1812,3391,3391,5,1,1813,2,1,1932,3,0
1813,3391,3391,5,1,1812,1,2,1814,2,1,1933,3,0
1932,3391,3391,5,1,1812,0,3,1933,2,1
2586,3455,2706,3,0
3095,3381,3096,2,1
3318,3454,3319,2,1
3361,3442,288,0,4
3383,3425,763,0,4
3391,3379,1812,0,4
3391,3385,1812,0,4
3391,3395,1812,0,4
3391,3402,1812,0,4
3391,3405,1812,0,4
3391,3406,1812,0,4
3391,3407,1812,0,4
3391,3408,1812,0,4
3391,3423,1812,0,4
3391,3455,1812,0,4
3412,3395,47,0,4
3412,3406,47,0,4
3412,3408,47,0,4
3412,3423,47,0,4
3414,3433,501,0,4
3425,3383,763,0,4
3431,3445,1206,0,4
3433,3414,506,0,4
3437,3459,409,0,4
3442,3361,288,0,4
3459,3437,409,0,4
