46,3383,45,0,1
443,3429,444,2,1
697,3363,698,2,1
698,3363,699,2,1
699,3363,700,2,1
700,3363,701,2,1
708,3363,3363,5,1,709,2,1,828,3,0
709,3363,3363,5,1,708,1,2,710,2,1,829,3,0
728,3370,848,3,0
828,3363,3363,5,1,708,0,3,827,1,2,829,2,1
1230,3372,1350,3,0
1269,3407,1149,0,3
1287,3375,1288,2,1
1600,3383,1599,1,2
2110,3457,2109,1,2
2285,3451,2165,0,3
2301,3397,2421,3,0
2354,3391,2355,2,1
2421,3397,2541,3,0
2500,3397,2501,2,1
2541,3397,2661,3,0
2621,3397,2622,2,1
2629,3438,2630,2,1
2657,3397,2658,2,1
2658,3397,2659,2,1
2659,3397,2660,2,1
2661,3397,2781,3,0
2742,3363,2862,3,0
2744,3378,2864,3,0
2779,3397,2780,2,1
2781,3397,2901,3,0
2899,3397,2900,2,1
2901,3397,3397,5,1,2902,2,1,3021,3,0
2902,3397,3397,5,1,2901,1,2,2903,2,1,3022,3,0
2906,3454,3454,5,1,2905,1,2,2907,2,1
2933,3363,2934,2,1
2985,3420,3105,3,0
2993,3442,2994,2,1
3021,3397,3397,5,1,2901,0,3,3020,1,2,3022,2,1
3025,3454,3454,5,1,2905,0,3,3024,1,2
3026,3454,3025,1,2
3031,3454,2911,0,3
3034,3454,2914,0,3
3037,3454,2917,0,3
3363,3410,708,0,4
3366,3411,1696,0,4
3370,3378,1568,0,4
3370,3419,1568,0,4
3397,3444,2901,0,4
3397,3449,2901,0,4
3410,3363,706,0,4
3411,3366,1696,0,4
3430,3443,3251,0,4
3443,3430,3250,0,4
3454,3429,2557,0,4
3454,3431,2557,0,4
3457,3394,2096,0,4
