6,3455,3246,3,3
344,3409,345,2,1
431,3443,432,2,1
685,3432,686,2,1
760,3428,3428,5,1,761,2,1,880,3,0
761,3428,3428,5,1,760,1,2,762,2,1,881,3,0
880,3428,3428,5,1,760,0,3,879,1,2,881,2,1
1480,3366,1479,1,2
1935,3380,2055,3,0
2055,3380,2175,3,0
2175,3380,2295,3,0
2208,3368,2207,1,2
2264,3380,2265,2,1
2295,3380,2415,3,0
2384,3380,2385,2,1
2409,3443,2529,3,0
2415,3380,2535,3,0
2505,3380,2506,2,1
2532,3380,2533,2,1
2533,3380,2534,2,1
2535,3380,2655,3,0
2625,3380,2626,2,1
2653,3380,2654,2,1
2654,3380,2655,2,1
2655,3380,2775,3,0
2765,3370,2645,0,3
2774,3380,2775,2,1
2775,3380,3380,5,1,2776,2,1,2895,3,0
2776,3380,3380,5,1,2775,1,2,2777,2,1,2896,3,0
2894,3380,3380,5,1,2893,1,2,2895,2,1
2895,3380,3380,5,1,2775,0,3,2894,1,2,2896,2,1
3008,3411,2888,0,3
3013,3380,3380,5,1,2893,0,3,3012,1,2
3014,3380,3013,1,2
3017,3380,2897,0,3
3018,3380,2898,0,3
3369,3380,2202,0,4
3375,3440,524,0,4
3380,3369,1962,0,4
3380,3377,2775,0,4
3380,3386,2775,0,4
3380,3397,2897,0,4
3380,3420,1963,0,4
3380,3423,2775,0,4
3380,3424,1962,0,4
3380,3430,1963,0,4
3380,3434,1962,0,4
3380,3448,2897,0,4
3407,3446,1809,0,4
3420,3380,1964,0,4
3424,3380,2202,0,4
3430,3380,2083,0,4
3434,3380,2202,0,4
3440,3375,284,0,4
3446,3407,1809,0,4
