526,3409,525,1,2
725,3437,845,3,0
733,3399,853,3,0
753,3412,633,0,3
828,3380,829,2,1
925,3417,926,2,1
952,3421,953,2,1
975,3441,1095,3,0
1009,3363,1010,2,1
1074,3437,1075,2,1
1087,3379,1207,3,0
1227,3428,1228,2,1
1229,3428,3428,5,1,1230,2,1,1349,3,0
1230,3428,3428,5,1,1229,1,2,1231,2,1
1299,3387,1300,2,1
1308,3456,1428,3,0
1349,3428,3428,5,1,1229,0,3,1348,1,2
1611,3417,1610,1,2
1635,3415,1515,0,3
1863,3386,1864,2,1
1868,3370,1869,2,1
2174,3452,2294,3,0
2511,3365,2512,2,1
2545,3454,2546,2,1
2547,3454,2548,2,1
2552,3454,3454,5,1,2553,2,1,2672,3,0
2553,3454,3454,5,1,2552,1,2,2554,2,1,2673,3,0
2615,3392,2735,3,0
2671,3454,3454,5,1,2672,2,1
2672,3454,3454,5,1,2552,0,3,2671,1,2,2673,2,1
2790,3454,3454,5,1,2789,1,2
2791,3454,2790,1,2
2793,3454,2673,0,3
2884,3396,2764,0,3
2910,3362,3030,3,0
2911,3454,2910,1,2
2913,3454,2793,0,3
3031,3454,3030,1,2
3066,3363,2946,0,3
3257,3446,3258,2,1
3386,3426,182,0,4
3399,3363,1093,0,4
3399,3372,1093,0,4
3399,3378,1093,0,4
3399,3419,1093,0,4
3401,3427,644,0,4
3409,3377,45,0,4
3409,3379,45,0,4
3409,3385,45,0,4
3409,3400,45,0,4
3409,3402,45,0,4
3409,3405,45,0,4
3409,3407,45,0,4
3409,3446,45,0,4
3409,3455,45,0,4
3426,3386,2822,0,4
3427,3401,644,0,4
3438,3439,3282,0,4
3439,3438,3282,0,4
3441,3376,1695,0,4
