47,3444,48,1,0
72,3444,73,1,0
73,3444,74,1,0
76,3444,196,2,0
194,3444,195,2,1
196,3444,316,3,0
314,3444,315,2,1
316,3444,3444,5,1,317,2,1,436,3,0
317,3444,3444,5,1,316,1,2,318,2,1,437,3,0
436,3444,3444,5,1,316,0,3,435,1,2,437,2,1
470,3371,471,2,1
652,3405,651,1,2
737,3454,617,0,3
766,3368,765,1,2
811,3364,931,3,0
1014,3396,1013,1,2
1393,3361,1273,0,3
1435,3436,1436,2,1
1659,3387,1660,2,1
1936,3380,1937,2,1
1937,3380,1938,2,1
1960,3380,3380,5,1,1961,2,1
1961,3380,3380,5,1,1960,1,2,1962,2,1
2024,3380,2025,2,1
2232,3440,2352,3,0
2381,3426,2261,0,3
2470,3438,2590,3,0
2554,3380,2434,0,3
2956,3444,3076,3,0
2961,3454,2841,0,3
2995,3396,2996,2,1
3038,3429,3429,5,1,3039,2,1,3158,3,0
3039,3429,3429,5,1,3038,1,2,3040,2,1,3159,3,0
3045,3444,3046,2,1
3076,3444,3196,3,0
3158,3429,3429,5,1,3038,0,3,3157,1,2,3159,2,1
3196,3444,3316,3,0
3286,3444,3287,2,1
3313,3391,73,3,3
3316,3444,76,3,3
3360,3380,1938,0,4
3377,3380,1929,0,4
3380,3360,1960,0,4
3380,3377,1960,0,4
3380,3393,1960,0,4
3380,3423,1960,0,4
3393,3380,1938,0,4
3429,3369,3038,0,4
3429,3380,3038,0,4
3429,3397,3038,0,4
3429,3416,3038,0,4
3429,3448,3038,0,4
3429,3452,3038,0,4
3429,3454,3038,0,4
3444,3368,316,0,4
3444,3409,316,0,4
3444,3412,316,0,4
3444,3431,316,0,4
3444,3432,316,0,4
3444,3438,316,0,4
3444,3451,316,0,4
3444,3456,316,0,4
