16,3369,3369,5,1,15,0,1,3256,3,3
17,3369,16,0,1
18,3369,3258,3,3
69,3398,189,2,0
69,3401,189,2,0
69,3411,189,2,0
70,3367,190,2,0
70,3393,190,2,0
70,3415,190,2,0
70,3440,190,2,0
70,3447,190,2,0
71,3360,191,2,0
71,3441,191,2,0
103,3454,104,1,0
172,3378,173,2,1
172,3394,173,2,1
174,3419,175,2,1
175,3450,176,2,1
181,3376,61,0,2
181,3392,61,0,2
182,3377,302,3,0
185,3385,305,3,0
185,3405,305,3,0
185,3446,305,3,0
185,3455,305,3,0
186,3379,306,3,0
186,3402,306,3,0
186,3407,306,3,0
186,3431,66,0,2
186,3459,306,3,0
309,3362,429,3,0
309,3401,429,3,0
309,3411,429,3,0
309,3427,429,3,0
310,3367,430,3,0
310,3393,430,3,0
310,3403,430,3,0
310,3415,430,3,0
310,3447,430,3,0
311,3360,431,3,0
311,3441,431,3,0
341,3429,342,2,1
412,3394,413,2,1
421,3376,301,0,3
423,3388,303,0,3
423,3390,303,0,3
424,3396,304,0,3
425,3418,305,0,3
426,3364,306,0,3
426,3421,306,0,3
426,3431,306,0,3
549,3361,429,0,3
549,3362,669,3,0
549,3370,429,0,3
549,3427,669,3,0
550,3367,670,3,0
550,3380,670,3,0
550,3393,670,3,0
550,3398,430,0,3
550,3403,670,3,0
550,3425,670,3,0
551,3360,671,3,0
551,3441,671,3,0
586,3427,587,2,1
632,3453,633,2,1
633,3453,634,2,1
634,3453,635,2,1
635,3453,636,2,1
641,3453,3453,5,1,642,2,1,761,3,0
642,3453,3453,5,1,641,1,2,643,2,1,762,3,0
648,3444,649,2,1
657,3389,658,2,1
661,3376,541,0,3
662,3406,542,0,3
663,3388,543,0,3
663,3390,543,0,3
664,3395,544,0,3
664,3396,544,0,3
665,3418,545,0,3
666,3364,546,0,3
666,3421,546,0,3
666,3431,546,0,3
666,3437,546,0,3
761,3453,3453,5,1,641,0,3,760,1,2,762,2,1
789,3370,669,0,3
789,3401,669,0,3
789,3455,669,0,3
789,3459,669,0,3
790,3380,910,3,0
790,3400,670,0,3
800,3417,801,2,1
823,3439,824,2,1
897,3389,898,2,1
901,3376,781,0,3
902,3377,782,0,3
902,3406,782,0,3
903,3388,783,0,3
903,3390,783,0,3
904,3395,784,0,3
906,3364,786,0,3
906,3431,786,0,3
906,3437,786,0,3
1029,3370,909,0,3
1029,3455,909,0,3
1029,3459,909,0,3
1030,3380,1150,3,0
1061,3384,1062,2,1
1137,3389,1138,2,1
1138,3458,1139,2,1
1142,3406,1022,0,3
1143,3388,1023,0,3
1143,3390,1023,0,3
1144,3365,1264,3,0
1144,3395,1024,0,3
1146,3437,1026,0,3
1146,3443,1266,3,0
1269,3455,1149,0,3
1269,3459,1149,0,3
1270,3380,1390,3,0
1301,3384,1302,2,1
1342,3457,1343,2,1
1375,3450,1376,2,1
1377,3382,1378,2,1
1377,3389,1378,2,1
1377,3426,1378,2,1
1378,3458,1379,2,1
1382,3406,1262,0,3
1384,3365,1504,3,0
1384,3395,1264,0,3
1385,3436,1505,3,0
1386,3437,1266,0,3
1386,3443,1506,3,0
1417,3424,1297,0,3
1419,3428,1420,2,1
1428,3430,1429,2,1
1509,3455,1389,0,3
1510,3380,1630,3,0
1510,3452,1630,3,0
1541,3384,1542,2,1
1612,3378,1613,2,1
1613,3419,1614,2,1
1615,3450,1616,2,1
1617,3382,1618,2,1
1617,3389,1618,2,1
1617,3426,1618,2,1
1617,3432,1618,2,1
1618,3458,1619,2,1
1622,3406,1502,0,3
1624,3365,1744,3,0
1625,3436,1745,3,0
1626,3443,1746,3,0
1749,3420,1869,3,0
1750,3430,1870,3,0
1750,3452,1870,3,0
1753,3449,1633,0,3
1790,3363,1789,1,2
1849,3363,1850,2,1
1852,3378,1853,2,1
1853,3419,1854,2,1
1855,3450,1856,2,1
1857,3382,1858,2,1
1857,3426,1858,2,1
1857,3432,1858,2,1
1858,3458,1859,2,1
1866,3412,1986,3,0
1990,3430,2110,3,0
2023,3428,2024,2,1
2087,3372,2088,2,1
2088,3368,2087,1,2
2092,3436,2091,1,2
2097,3382,2098,2,1
2097,3426,2098,2,1
2097,3432,2098,2,1
2101,3388,2221,3,0
2101,3390,2221,3,0
2101,3395,2221,3,0
2103,3364,2223,3,0
2103,3396,2223,3,0
2103,3418,2223,3,0
2104,3421,2224,3,0
2105,3404,2225,3,0
2105,3436,1985,0,3
2106,3412,2226,3,0
2333,3363,2334,2,1
2336,3386,2337,2,1
2337,3382,2338,2,1
2337,3389,2338,2,1
2337,3426,2338,2,1
2337,3432,2338,2,1
2341,3388,2461,3,0
2341,3390,2461,3,0
2341,3392,2221,0,3
2341,3395,2461,3,0
2342,3431,2462,3,0
2342,3457,2222,0,3
2343,3364,2463,3,0
2343,3396,2463,3,0
2343,3418,2463,3,0
2344,3421,2464,3,0
2345,3404,2465,3,0
2346,3371,2466,3,0
2346,3407,2466,3,0
2346,3412,2466,3,0
2469,3401,2589,3,0
2470,3417,2350,0,3
2560,3453,2680,3,0
2572,3378,2573,2,1
2573,3363,2574,2,1
2574,3419,2575,2,1
2575,3450,2576,2,1
2576,3386,2577,2,1
2577,3389,2578,2,1
2577,3432,2578,2,1
2581,3388,2701,3,0
2581,3390,2701,3,0
2581,3392,2461,0,3
2581,3395,2701,3,0
2582,3431,2702,3,0
2582,3457,2462,0,3
2583,3364,2703,3,0
2583,3396,2703,3,0
2583,3418,2703,3,0
2584,3421,2704,3,0
2585,3404,2705,3,0
2585,3451,2705,3,0
2586,3371,2706,3,0
2586,3407,2706,3,0
2586,3412,2706,3,0
2619,3416,2620,2,1
2709,3401,2829,3,0
2709,3411,2829,3,0
2710,3417,2590,0,3
2710,3447,2830,3,0
2741,3397,2742,2,1
2741,3424,2742,2,1
2812,3378,2813,2,1
2814,3419,2815,2,1
2815,3450,2816,2,1
2816,3386,2817,2,1
2817,3389,2818,2,1
2821,3388,2941,3,0
2821,3390,2941,3,0
2821,3392,2701,0,3
2821,3395,2941,3,0
2822,3431,2942,3,0
2822,3437,2942,3,0
2822,3457,2702,0,3
2823,3364,2943,3,0
2823,3396,2943,3,0
2823,3418,2943,3,0
2824,3421,2944,3,0
2825,3404,2945,3,0
2825,3451,2945,3,0
2826,3371,2946,3,0
2826,3407,2946,3,0
2826,3412,2946,3,0
2859,3416,2860,2,1
2949,3398,3069,3,0
2949,3401,3069,3,0
2949,3411,3069,3,0
2949,3438,3069,3,0
2950,3409,3070,3,0
2950,3417,2830,0,3
2950,3447,3070,3,0
2951,3360,3071,3,0
2981,3424,2982,2,1
3052,3378,3053,2,1
3052,3394,3053,2,1
3054,3419,3055,2,1
3055,3450,3056,2,1
3056,3386,3057,2,1
3057,3389,3058,2,1
3060,3406,3180,3,0
3061,3376,2941,0,3
3061,3388,3181,3,0
3061,3390,3181,3,0
3061,3392,2941,0,3
3061,3395,3181,3,0
3062,3377,3182,3,0
3062,3437,3182,3,0
3062,3457,2942,0,3
3063,3364,3183,3,0
3063,3396,3183,3,0
3063,3418,3183,3,0
3064,3421,3184,3,0
3065,3404,3185,3,0
3065,3442,3185,3,0
3066,3371,3186,3,0
3066,3407,3186,3,0
3106,3420,3226,3,0
3189,3398,3309,3,0
3189,3401,3309,3,0
3189,3411,3309,3,0
3190,3409,3310,3,0
3190,3415,3310,3,0
3190,3440,3310,3,0
3190,3447,3310,3,0
3191,3360,3311,3,0
3191,3399,3311,3,0
3257,3369,3369,5,1,3256,1,2,3258,2,1
3292,3378,3293,2,1
3292,3394,3293,2,1
3294,3419,3295,2,1
3295,3450,3296,2,1
3296,3386,3297,2,1
3297,3389,3298,2,1
3301,3376,3181,0,3
3301,3392,3181,0,3
3301,3395,61,3,3
3302,3377,62,3,3
3302,3437,62,3,3
3302,3457,3182,0,3
3305,3370,65,3,3
3305,3373,65,3,3
3305,3442,65,3,3
3305,3446,65,3,3
3305,3455,65,3,3
3306,3402,66,3,3
3306,3407,66,3,3
3306,3459,66,3,3
3360,3437,1932,0,4
3363,3437,829,0,4
3367,3385,1931,0,4
3374,3453,156,0,4
3381,3433,508,0,4
3385,3367,1929,0,4
3417,3420,3251,0,4
3420,3417,3251,0,4
3433,3381,508,0,4
3437,3360,1806,0,4
3453,3374,641,0,4
3453,3439,641,0,4
