28,1350,64,2,0
42,1350,78,3,0
65,1350,101,3,0
114,1350,1350,5,1,115,2,1,150,3,0
115,1350,1350,5,1,114,1,2
135,1350,136,2,1
136,1350,137,2,1
137,1350,138,2,1
150,1350,1350,5,1,114,0,3
497,1385,533,3,0
545,1381,581,3,0
682,1328,681,1,2
1073,1385,1109,3,0
1107,1385,1108,2,1
1108,1385,1109,2,1
1109,1385,1385,5,1,1110,2,1
1110,1385,1385,5,1,1074,0,3,1109,1,2
1288,1350,28,3,3
1350,1328,114,0,4
1350,1393,114,0,4
1381,1357,617,0,4
1381,1368,617,0,4
1385,1312,1109,0,4
1385,1318,1109,0,4
1385,1330,1109,0,4
1385,1362,1109,0,4
1385,1371,1109,0,4
