3,450,4,1,0
4,450,5,1,0
5,450,450,5,1,18,2,0
8,450,7,0,1
18,450,450,5,1,5,0,2,31,3,0
252,450,265,3,0
264,450,277,3,0
367,450,278,0,4
422,450,304,0,4
424,450,316,0,4
450,352,5,0,4
450,355,5,0,4
450,356,5,0,4
450,359,5,0,4
450,362,5,0,4
450,365,5,0,4
450,367,5,0,4
450,371,5,0,4
450,372,5,0,4
450,373,5,0,4
450,375,5,0,4
450,385,5,0,4
450,389,5,0,4
450,390,5,0,4
450,395,5,0,4
450,400,5,0,4
450,403,5,0,4
450,405,5,0,4
450,412,5,0,4
450,417,5,0,4
450,420,5,0,4
450,422,5,0,4
450,423,5,0,4
450,424,5,0,4
450,427,5,0,4
450,429,5,0,4
450,430,5,0,4
450,431,5,0,4
450,434,5,0,4
450,442,5,0,4
450,447,5,0,4
