59,356,72,3,0
82,425,81,1,2
85,365,72,0,3
118,365,131,3,0
119,365,132,3,0
120,365,133,3,0
126,365,139,3,0
127,365,140,3,0
131,365,365,5,1,144,3,0
159,356,160,2,1
160,356,161,2,1
161,356,356,5,1,174,3,0
163,356,162,1,2
164,356,163,1,2
173,425,425,5,1,186,3,0
174,356,356,5,1,161,0,3,187,3,0
185,425,186,2,1
186,425,425,5,1,173,0,3,187,2,1,199,3,0
187,425,425,5,1,186,1,2
189,405,202,3,0
199,425,425,5,1,186,0,3
356,359,161,0,4
356,365,161,0,4
356,371,161,0,4
356,372,161,0,4
356,390,161,0,4
356,400,161,0,4
356,403,161,0,4
356,422,161,0,4
356,429,161,0,4
356,430,161,0,4
356,435,161,0,4
356,440,161,0,4
356,442,161,0,4
356,443,161,0,4
360,365,199,0,4
365,360,277,0,4
365,378,277,0,4
365,415,277,0,4
365,425,277,0,4
365,439,277,0,4
370,396,31,0,4
372,356,158,0,4
378,365,277,0,4
381,425,182,0,4
390,356,157,0,4
396,370,31,0,4
415,365,199,0,4
422,356,143,0,4
425,352,186,0,4
425,361,186,0,4
425,362,186,0,4
425,364,186,0,4
425,365,199,0,4
425,372,186,0,4
425,379,186,0,4
425,381,186,0,4
425,389,186,0,4
425,395,186,0,4
425,412,186,0,4
425,431,186,0,4
439,365,199,0,4
441,442,64,0,4
442,441,130,0,4
