8,5283,118,2,0
46,5332,45,0,1
62,5332,61,0,1
98,5332,208,2,0
100,5332,101,1,0
100,5363,101,1,0
100,5371,101,1,0
110,5302,220,2,0
111,5352,221,3,0
111,5378,221,3,0
112,5309,222,3,0
112,5346,222,3,0
156,5332,155,1,2
172,5332,171,1,2
177,5360,287,3,0
181,5294,71,0,2
202,5336,203,2,1
228,5283,338,3,0
266,5332,265,1,2
282,5332,281,1,2
319,5337,320,2,1
320,5305,321,2,1
320,5332,321,2,1
320,5363,321,2,1
320,5371,321,2,1
330,5302,440,2,0
331,5352,441,3,0
331,5378,441,3,0
332,5309,442,3,0
332,5346,442,3,0
376,5332,375,1,2
392,5332,391,1,2
401,5294,291,0,3
419,5332,529,3,0
422,5336,423,2,1
424,5319,425,2,1
430,5305,431,2,1
448,5283,558,3,0
486,5332,485,1,2
502,5332,501,1,2
539,5291,540,2,1
539,5324,540,2,1
539,5337,540,2,1
540,5332,541,2,1
540,5363,541,2,1
540,5371,541,2,1
548,5312,549,2,1
548,5377,549,2,1
550,5302,660,2,0
550,5306,660,2,0
552,5346,662,3,0
596,5332,595,1,2
612,5332,611,1,2
621,5294,511,0,3
635,5332,745,3,0
642,5336,643,2,1
643,5317,644,2,1
643,5354,644,2,1
643,5368,644,2,1
644,5319,645,2,1
645,5360,646,2,1
668,5283,778,3,0
668,5314,778,3,0
706,5332,705,1,2
722,5332,721,1,2
744,5332,854,3,0
759,5291,760,2,1
759,5324,760,2,1
759,5337,760,2,1
760,5332,761,2,1
760,5363,761,2,1
760,5371,761,2,1
770,5302,880,2,0
770,5306,880,2,0
772,5346,882,3,0
816,5332,815,1,2
832,5332,831,1,2
837,5335,947,3,0
837,5367,947,3,0
841,5294,731,0,3
852,5332,962,3,0
862,5336,863,2,1
864,5319,865,2,1
865,5360,866,2,1
888,5283,998,3,0
888,5314,998,3,0
921,5364,922,2,1
926,5332,925,1,2
942,5332,941,1,2
979,5291,980,2,1
979,5324,980,2,1
979,5337,980,2,1
979,5379,980,2,1
980,5332,981,2,1
980,5363,981,2,1
980,5371,981,2,1
992,5346,1102,3,0
1027,5317,1026,1,2
1036,5332,1035,1,2
1052,5332,1051,1,2
1055,5320,945,0,3
1061,5294,951,0,3
1082,5336,1083,2,1
1083,5317,1084,2,1
1083,5334,1084,2,1
1083,5354,1084,2,1
1083,5368,1084,2,1
1084,5319,1085,2,1
1085,5360,1086,2,1
1108,5314,1218,3,0
1141,5364,1142,2,1
1146,5332,1145,1,2
1162,5332,1161,1,2
1178,5332,1179,2,1
1199,5291,1200,2,1
1199,5324,1200,2,1
1199,5337,1200,2,1
1199,5366,1200,2,1
1199,5379,1200,2,1
1200,5299,1201,2,1
1200,5305,1201,2,1
1200,5322,1201,2,1
1200,5325,1201,2,1
1200,5327,1201,2,1
1200,5332,1201,2,1
1200,5363,1201,2,1
1200,5371,1201,2,1
1200,5375,1201,2,1
1210,5302,1320,2,0
1210,5306,1320,2,0
1212,5346,1322,3,0
1256,5332,1255,1,2
1272,5332,1271,1,2
1277,5280,1387,3,0
1277,5313,1387,3,0
1281,5317,1391,3,0
1281,5336,1391,3,0
1302,5336,1303,2,1
1304,5319,1305,2,1
1304,5373,1305,2,1
1305,5360,1306,2,1
1305,5361,1306,2,1
1305,5367,1306,2,1
1328,5283,1218,0,3
1328,5314,1438,3,0
1361,5364,1362,2,1
1366,5332,1365,1,2
1382,5332,1381,1,2
1419,5291,1420,2,1
1419,5324,1420,2,1
1419,5337,1420,2,1
1419,5366,1420,2,1
1419,5379,1420,2,1
1420,5299,1421,2,1
1420,5305,1421,2,1
1420,5322,1421,2,1
1420,5325,1421,2,1
1420,5327,1421,2,1
1420,5332,1421,2,1
1420,5371,1421,2,1
1420,5375,1421,2,1
1430,5302,1540,2,0
1430,5306,1540,2,0
1432,5346,1542,3,0
1476,5332,1475,1,2
1492,5332,1491,1,2
1499,5354,1609,3,0
1501,5317,1611,3,0
1501,5332,1502,2,1
1501,5336,1611,3,0
1501,5368,1611,3,0
1522,5336,1523,2,1
1523,5294,1524,2,1
1523,5317,1524,2,1
1523,5334,1524,2,1
1523,5349,1524,2,1
1523,5354,1524,2,1
1523,5368,1524,2,1
1524,5311,1525,2,1
1524,5319,1525,2,1
1524,5373,1525,2,1
1525,5313,1526,2,1
1525,5360,1526,2,1
1525,5361,1526,2,1
1525,5367,1526,2,1
1548,5283,1438,0,3
1548,5314,1658,3,0
1581,5364,1582,2,1
1586,5332,1585,1,2
1602,5332,1601,1,2
1609,5332,1610,2,1
1639,5291,1640,2,1
1639,5324,1640,2,1
1639,5337,1640,2,1
1639,5366,1640,2,1
1639,5379,1640,2,1
1640,5299,1641,2,1
1640,5305,1641,2,1
1640,5322,1641,2,1
1640,5325,1641,2,1
1640,5327,1641,2,1
1640,5332,1641,2,1
1640,5371,1641,2,1
1640,5375,1641,2,1
1650,5302,1760,2,0
1650,5306,1760,2,0
1652,5346,1762,3,0
1721,5317,1831,3,0
1721,5333,1611,0,3
1721,5336,1831,3,0
1721,5368,1831,3,0
1728,5292,1838,3,0
1742,5336,1743,2,1
1744,5280,1745,2,1
1744,5311,1745,2,1
1744,5373,1745,2,1
1745,5313,1746,2,1
1745,5360,1746,2,1
1745,5361,1746,2,1
1745,5367,1746,2,1
1768,5283,1658,0,3
1768,5314,1878,3,0
1801,5364,1802,2,1
1823,5332,1822,1,2
1859,5291,1860,2,1
1859,5324,1860,2,1
1859,5337,1860,2,1
1859,5366,1860,2,1
1859,5379,1860,2,1
1860,5299,1861,2,1
1860,5305,1861,2,1
1860,5322,1861,2,1
1860,5325,1861,2,1
1860,5327,1861,2,1
1860,5375,1861,2,1
1870,5306,1980,2,0
1941,5317,2051,3,0
1941,5333,1831,0,3
1941,5336,2051,3,0
1941,5368,2051,3,0
1964,5280,1965,2,1
1964,5311,1965,2,1
1964,5373,1965,2,1
1965,5313,1966,2,1
1965,5360,1966,2,1
1965,5361,1966,2,1
1965,5367,1966,2,1
1988,5283,1878,0,3
1988,5314,2098,3,0
2021,5364,2022,2,1
2079,5324,2080,2,1
2079,5337,2080,2,1
2079,5366,2080,2,1
2079,5379,2080,2,1
2080,5299,2081,2,1
2080,5305,2081,2,1
2080,5322,2081,2,1
2080,5325,2081,2,1
2080,5327,2081,2,1
2080,5371,2081,2,1
2080,5375,2081,2,1
2090,5306,2200,2,0
2161,5317,2271,3,0
2161,5333,2051,0,3
2161,5336,2271,3,0
2161,5368,2271,3,0
2184,5280,2185,2,1
2184,5311,2185,2,1
2184,5373,2185,2,1
2185,5313,2186,2,1
2185,5361,2186,2,1
2185,5367,2186,2,1
2208,5283,2098,0,3
2227,5313,2117,0,3
2241,5364,2242,2,1
2299,5337,2300,2,1
2299,5366,2300,2,1
2299,5379,2300,2,1
2300,5299,2301,2,1
2300,5305,2301,2,1
2300,5322,2301,2,1
2300,5325,2301,2,1
2300,5327,2301,2,1
2300,5332,2301,2,1
2300,5371,2301,2,1
2300,5375,2301,2,1
2310,5306,2420,2,0
2381,5317,2491,3,0
2381,5333,2271,0,3
2381,5336,2491,3,0
2381,5368,2491,3,0
2404,5280,2405,2,1
2404,5311,2405,2,1
2404,5373,2405,2,1
2405,5313,2406,2,1
2405,5361,2406,2,1
2405,5367,2406,2,1
2428,5283,2318,0,3
2428,5314,2318,0,3
2461,5364,2462,2,1
2519,5366,2520,2,1
2519,5379,2520,2,1
2520,5291,2521,2,1
2520,5299,2521,2,1
2520,5305,2521,2,1
2520,5322,2521,2,1
2520,5325,2521,2,1
2520,5327,2521,2,1
2520,5332,2521,2,1
2520,5371,2521,2,1
2520,5375,2521,2,1
2549,5348,5348,5,1,2548,1,2
2601,5317,2711,3,0
2601,5333,2491,0,3
2601,5336,2711,3,0
2601,5368,2711,3,0
2624,5280,2625,2,1
2624,5311,2625,2,1
2624,5373,2625,2,1
2625,5313,2626,2,1
2625,5361,2626,2,1
2625,5367,2626,2,1
2648,5283,2538,0,3
2648,5314,2538,0,3
2658,5348,5348,5,1,2548,0,3
2659,5348,2658,1,2
2663,5348,2553,0,3
2664,5348,2554,0,3
2665,5348,2555,0,3
2666,5348,2556,0,3
2681,5364,2682,2,1
2739,5281,2740,2,1
2739,5366,2740,2,1
2740,5291,2741,2,1
2740,5299,2741,2,1
2740,5305,2741,2,1
2740,5322,2741,2,1
2740,5325,2741,2,1
2740,5327,2741,2,1
2740,5332,2741,2,1
2740,5371,2741,2,1
2740,5375,2741,2,1
2750,5306,2860,2,0
2821,5317,2931,3,0
2821,5336,2931,3,0
2821,5368,2931,3,0
2844,5280,2845,2,1
2845,5313,2846,2,1
2868,5283,2758,0,3
2868,5314,2758,0,3
2901,5330,2902,2,1
2901,5364,2902,2,1
2929,5332,2930,2,1
2959,5281,2960,2,1
2959,5379,2960,2,1
2960,5291,2961,2,1
2960,5332,2961,2,1
2960,5371,2961,2,1
2970,5306,3080,2,0
3041,5317,3151,3,0
3041,5336,3151,3,0
3041,5368,3151,3,0
3043,5332,3044,2,1
3065,5300,3066,2,1
3088,5314,2978,0,3
3121,5292,3122,2,1
3121,5330,3122,2,1
3155,5332,3156,2,1
3179,5281,3180,2,1
3179,5379,3180,2,1
3180,5291,3181,2,1
3180,5299,3181,2,1
3180,5305,3181,2,1
3180,5322,3181,2,1
3180,5325,3181,2,1
3180,5327,3181,2,1
3180,5332,3181,2,1
3180,5371,3181,2,1
3186,5326,3187,2,1
3255,5342,3145,0,3
3256,5340,3146,0,3
3261,5317,3371,3,0
3261,5336,3371,3,0
3261,5368,3371,3,0
3268,5332,3269,2,1
3285,5300,3286,2,1
3285,5372,3286,2,1
3308,5314,3198,0,3
3341,5292,3342,2,1
3341,5330,3342,2,1
3346,5332,3345,1,2
3362,5332,3361,1,2
3379,5332,3380,2,1
3399,5281,3400,2,1
3399,5379,3400,2,1
3400,5291,3401,2,1
3400,5299,3401,2,1
3400,5305,3401,2,1
3400,5322,3401,2,1
3400,5325,3401,2,1
3400,5327,3401,2,1
3400,5332,3401,2,1
3400,5371,3401,2,1
3412,5309,3522,3,0
3456,5332,3455,1,2
3472,5332,3471,1,2
3476,5350,3366,0,3
3481,5368,3591,3,0
3505,5300,3506,2,1
3505,5340,3506,2,1
3505,5372,3506,2,1
3528,5314,3418,0,3
3561,5292,3562,2,1
3561,5330,3562,2,1
3566,5332,3565,1,2
3582,5332,3581,1,2
3602,5332,3492,0,3
3619,5281,3620,2,1
3619,5337,3620,2,1
3619,5379,3620,2,1
3620,5291,3621,2,1
3620,5299,3621,2,1
3620,5305,3621,2,1
3620,5322,3621,2,1
3620,5325,3621,2,1
3620,5327,3621,2,1
3620,5332,3621,2,1
3620,5363,3621,2,1
3620,5371,3621,2,1
3632,5309,3742,3,0
3676,5332,3675,1,2
3692,5332,3691,1,2
3725,5300,3726,2,1
3725,5340,3726,2,1
3725,5372,3726,2,1
3748,5314,3638,0,3
3781,5292,3782,2,1
3781,5330,3782,2,1
3786,5332,3785,1,2
3802,5332,3801,1,2
3839,5281,3840,2,1
3839,5337,3840,2,1
3839,5379,3840,2,1
3840,5291,3841,2,1
3840,5299,3841,2,1
3840,5305,3841,2,1
3840,5322,3841,2,1
3840,5325,3841,2,1
3840,5327,3841,2,1
3840,5332,3841,2,1
3840,5363,3841,2,1
3840,5371,3841,2,1
3852,5309,3962,3,0
3886,5374,3885,1,2
3896,5332,3895,1,2
3912,5332,3911,1,2
3921,5289,3811,0,3
3921,5344,3811,0,3
3943,5286,3944,2,1
3943,5303,3944,2,1
3943,5333,3944,2,1
3945,5300,3946,2,1
3945,5340,3946,2,1
3945,5372,3946,2,1
3950,5314,3949,1,2
4001,5292,4002,2,1
4001,5330,4002,2,1
4006,5332,4005,1,2
4022,5332,4021,1,2
4050,5332,3940,0,3
4059,5281,4060,2,1
4059,5337,4060,2,1
4059,5379,4060,2,1
4060,5291,4061,2,1
4060,5299,4061,2,1
4060,5305,4061,2,1
4060,5322,4061,2,1
4060,5325,4061,2,1
4060,5327,4061,2,1
4060,5332,4061,2,1
4060,5363,4061,2,1
4060,5371,4061,2,1
4072,5309,4182,3,0
4116,5332,4115,1,2
4132,5332,4131,1,2
4141,5289,4031,0,3
4141,5344,4031,0,3
4141,5368,4031,0,3
4165,5300,4166,2,1
4165,5340,4166,2,1
4165,5372,4166,2,1
4188,5283,4298,3,0
4221,5292,4222,2,1
4221,5330,4222,2,1
4226,5332,4225,1,2
4242,5332,4241,1,2
4277,5332,4167,0,3
4279,5281,4280,2,1
4279,5337,4280,2,1
4279,5379,4280,2,1
4280,5291,4281,2,1
4280,5299,4281,2,1
4280,5305,4281,2,1
4280,5322,4281,2,1
4280,5325,4281,2,1
4280,5327,4281,2,1
4280,5332,4281,2,1
4280,5363,4281,2,1
4292,5309,4402,3,0
4322,5348,4432,3,0
4336,5332,4335,1,2
4352,5332,4351,1,2
4361,5289,4251,0,3
4361,5344,4251,0,3
4361,5368,4251,0,3
4383,5286,4384,2,1
4383,5303,4384,2,1
4383,5333,4384,2,1
4385,5300,4386,2,1
4385,5340,4386,2,1
4385,5372,4386,2,1
4408,5283,4518,3,0
4441,5292,4442,2,1
4441,5330,4442,2,1
4446,5332,4445,1,2
4462,5332,4461,1,2
4499,5281,4500,2,1
4499,5337,4500,2,1
4499,5379,4500,2,1
4500,5291,4501,2,1
4500,5299,4501,2,1
4500,5305,4501,2,1
4500,5322,4501,2,1
4500,5325,4501,2,1
4500,5327,4501,2,1
4500,5363,4501,2,1
4512,5309,4622,3,0
4538,5348,4648,3,0
4556,5332,4555,1,2
4572,5332,4571,1,2
4581,5289,4471,0,3
4581,5344,4471,0,3
4581,5368,4471,0,3
4605,5340,4606,2,1
4605,5372,4606,2,1
4628,5283,4738,3,0
4647,5348,4757,3,0
4661,5292,4662,2,1
4661,5330,4662,2,1
4666,5332,4665,1,2
4682,5332,4681,1,2
4719,5281,4720,2,1
4719,5337,4720,2,1
4719,5379,4720,2,1
4720,5299,4721,2,1
4720,5305,4721,2,1
4720,5322,4721,2,1
4720,5325,4721,2,1
4720,5327,4721,2,1
4720,5363,4721,2,1
4730,5302,4840,2,0
4732,5309,4842,3,0
4732,5346,4842,3,0
4757,5313,4867,3,0
4776,5332,4775,1,2
4792,5332,4791,1,2
4801,5289,4691,0,3
4801,5344,4691,0,3
4801,5368,4691,0,3
4825,5340,4826,2,1
4848,5283,4958,3,0
4864,5348,4865,2,1
4881,5292,4882,2,1
4881,5330,4882,2,1
4886,5332,4885,1,2
4902,5332,4901,1,2
4939,5337,4940,2,1
4939,5379,4940,2,1
4940,5299,4941,2,1
4940,5305,4941,2,1
4940,5322,4941,2,1
4940,5325,4941,2,1
4940,5327,4941,2,1
4951,5352,5061,3,0
4951,5378,5061,3,0
4952,5309,5062,3,0
4952,5346,5062,3,0
4996,5332,4995,1,2
5012,5332,5011,1,2
5021,5289,4911,0,3
5043,5286,5044,2,1
5043,5303,5044,2,1
5043,5333,5044,2,1
5068,5283,5178,3,0
5101,5292,5102,2,1
5105,5332,5332,5,1
5106,5332,5105,1,2
5159,5337,5160,2,1
5160,5299,5161,2,1
5160,5305,5161,2,1
5160,5322,5161,2,1
5160,5325,5161,2,1
5160,5327,5161,2,1
5170,5302,0,2,3
5171,5352,1,3,3
5171,5378,1,3,3
5172,5309,2,3,3
5172,5346,2,3,3
5216,5332,5215,1,2
5232,5332,5231,1,2
5237,5319,67,3,3
5262,5336,5263,2,1
5270,5332,100,3,3
5332,5284,5105,0,4
5332,5293,5105,0,4
5332,5297,5105,0,4
5332,5306,5105,0,4
5332,5308,5105,0,4
5332,5310,5105,0,4
5332,5315,5105,0,4
5332,5316,5105,0,4
5332,5326,5105,0,4
5332,5328,5105,0,4
5332,5338,5105,0,4
5332,5341,5105,0,4
5332,5343,5105,0,4
5332,5357,5105,0,4
5332,5364,5105,0,4
5332,5369,5105,0,4
5348,5285,2549,0,4
5348,5289,2549,0,4
5348,5292,2549,0,4
5348,5300,2549,0,4
5348,5309,2549,0,4
5348,5312,2549,0,4
5348,5317,2549,0,4
5348,5330,2549,0,4
5348,5336,2549,0,4
5348,5337,2549,0,4
5348,5340,2549,0,4
5348,5342,2549,0,4
5348,5344,2549,0,4
5348,5350,2549,0,4
5348,5354,2549,0,4
5348,5356,2549,0,4
5348,5363,2549,0,4
5348,5368,2549,0,4
5348,5372,2549,0,4
5348,5374,2549,0,4
5348,5377,2549,0,4
5367,5373,2654,0,4
5373,5367,2654,0,4
