0,5378,110,1,0
1,5302,111,2,0
1,5306,5171,3,3
1,5352,111,2,0
2,5346,112,2,0
3,5309,113,2,0
15,5368,5185,3,3
40,5369,41,1,0
71,5368,72,1,0
93,5368,5263,3,3
106,5326,107,1,0
107,5355,108,1,0
108,5296,109,1,0
108,5377,109,1,0
109,5312,0,1,2
125,5368,15,0,2
181,5368,182,2,1
203,5368,93,0,2
206,5313,207,2,1
206,5350,207,2,1
207,5300,208,2,1
207,5372,208,2,1
208,5288,209,2,1
220,5378,330,2,0
221,5302,331,3,0
221,5306,111,0,3
221,5352,331,3,0
222,5346,332,3,0
223,5309,333,3,0
235,5368,125,0,3
260,5369,261,2,1
291,5368,292,2,1
313,5368,203,0,3
327,5355,328,2,1
328,5296,329,2,1
329,5328,220,2,3
345,5368,235,0,3
401,5368,402,2,1
423,5368,313,0,3
426,5350,427,2,1
427,5300,428,2,1
427,5372,428,2,1
428,5288,429,2,1
429,5291,430,2,1
440,5378,550,2,0
441,5302,551,3,0
441,5352,551,3,0
442,5346,552,3,0
455,5368,345,0,3
511,5368,512,2,1
533,5368,423,0,3
546,5310,547,2,1
547,5355,548,2,1
548,5296,549,2,1
565,5368,455,0,3
621,5368,622,2,1
643,5368,533,0,3
646,5350,647,2,1
647,5300,648,2,1
647,5372,648,2,1
648,5281,649,2,1
648,5288,649,2,1
649,5291,650,2,1
660,5378,770,2,0
661,5302,771,3,0
661,5306,771,3,0
661,5352,771,3,0
662,5346,772,3,0
663,5309,553,0,3
675,5368,565,0,3
731,5368,732,2,1
753,5368,643,0,3
765,5326,766,2,1
766,5310,767,2,1
767,5328,768,2,1
767,5355,768,2,1
768,5296,769,2,1
768,5377,769,2,1
769,5312,660,2,3
785,5368,675,0,3
841,5368,842,2,1
863,5368,753,0,3
866,5350,867,2,1
867,5300,868,2,1
867,5372,868,2,1
868,5281,869,2,1
868,5288,869,2,1
869,5291,870,2,1
881,5302,991,3,0
881,5306,991,3,0
881,5352,991,3,0
882,5346,992,3,0
883,5309,773,0,3
893,5292,1003,3,0
895,5368,785,0,3
951,5368,952,2,1
973,5368,863,0,3
985,5326,986,2,1
986,5310,987,2,1
987,5328,988,2,1
987,5355,988,2,1
988,5296,989,2,1
988,5377,989,2,1
989,5312,880,2,3
1005,5368,895,0,3
1060,5286,1170,3,0
1060,5303,1170,3,0
1061,5368,1062,2,1
1083,5368,973,0,3
1086,5350,1087,2,1
1087,5300,1088,2,1
1087,5372,1088,2,1
1088,5281,1089,2,1
1088,5288,1089,2,1
1088,5295,1089,2,1
1088,5320,1089,2,1
1088,5358,1089,2,1
1089,5291,1090,2,1
1101,5302,1211,3,0
1101,5306,1211,3,0
1101,5352,1211,3,0
1102,5346,1212,3,0
1103,5309,993,0,3
1115,5368,1005,0,3
1171,5368,1172,2,1
1193,5368,1083,0,3
1205,5326,1206,2,1
1206,5310,1207,2,1
1207,5328,1208,2,1
1207,5355,1208,2,1
1208,5296,1209,2,1
1208,5377,1209,2,1
1225,5368,1115,0,3
1279,5373,1169,0,3
1281,5368,1282,2,1
1303,5368,1193,0,3
1306,5350,1307,2,1
1307,5300,1308,2,1
1307,5372,1308,2,1
1308,5281,1309,2,1
1308,5288,1309,2,1
1308,5295,1309,2,1
1308,5320,1309,2,1
1308,5331,1309,2,1
1308,5358,1309,2,1
1309,5291,1310,2,1
1321,5302,1431,3,0
1321,5306,1431,3,0
1321,5352,1431,3,0
1321,5378,1211,0,3
1322,5346,1432,3,0
1323,5309,1213,0,3
1335,5368,1225,0,3
1393,5368,1394,2,1
1413,5368,1303,0,3
1425,5326,1426,2,1
1426,5310,1427,2,1
1427,5328,1428,2,1
1428,5377,1429,2,1
1429,5312,1320,2,3
1445,5368,1335,0,3
1503,5374,1613,3,0
1523,5368,1413,0,3
1526,5350,1527,2,1
1527,5372,1528,2,1
1528,5281,1529,2,1
1528,5288,1529,2,1
1528,5295,1529,2,1
1528,5320,1529,2,1
1528,5331,1529,2,1
1528,5347,1529,2,1
1528,5358,1529,2,1
1529,5291,1530,2,1
1541,5302,1651,3,0
1541,5306,1651,3,0
1541,5352,1651,3,0
1541,5378,1431,0,3
1542,5346,1652,3,0
1543,5309,1433,0,3
1555,5368,1445,0,3
1618,5368,1619,2,1
1633,5368,1523,0,3
1645,5326,1646,2,1
1646,5310,1647,2,1
1647,5328,1648,2,1
1647,5355,1648,2,1
1648,5377,1649,2,1
1649,5312,1540,2,3
1665,5368,1555,0,3
1723,5374,1833,3,0
1743,5368,1633,0,3
1746,5350,1747,2,1
1747,5372,1748,2,1
1748,5281,1749,2,1
1748,5282,1749,2,1
1748,5295,1749,2,1
1748,5320,1749,2,1
1748,5331,1749,2,1
1748,5347,1749,2,1
1749,5291,1750,2,1
1761,5306,1871,3,0
1761,5352,1871,3,0
1761,5378,1651,0,3
1763,5309,1653,0,3
1775,5368,1665,0,3
1853,5368,1743,0,3
1865,5326,1866,2,1
1866,5310,1867,2,1
1867,5328,1868,2,1
1867,5355,1868,2,1
1868,5296,1869,2,1
1868,5377,1869,2,1
1869,5312,1760,2,3
1943,5374,2053,3,0
1963,5368,1853,0,3
1966,5319,1967,2,1
1966,5350,1967,2,1
1967,5329,1968,2,1
1968,5281,1969,2,1
1968,5282,1969,2,1
1968,5295,1969,2,1
1968,5320,1969,2,1
1968,5331,1969,2,1
1968,5347,1969,2,1
1969,5291,1970,2,1
1981,5302,1871,0,3
1981,5306,2091,3,0
1981,5378,1871,0,3
1982,5346,1872,0,3
1983,5309,1873,0,3
2050,5316,1940,0,3
2060,5327,2061,2,1
2073,5368,1963,0,3
2085,5326,2086,2,1
2086,5310,2087,2,1
2087,5328,2088,2,1
2087,5355,2088,2,1
2088,5296,2089,2,1
2088,5377,2089,2,1
2089,5312,1980,2,3
2163,5374,2273,3,0
2177,5368,2067,0,3
2183,5368,2073,0,3
2186,5319,2187,2,1
2186,5350,2187,2,1
2187,5329,2188,2,1
2188,5281,2189,2,1
2188,5282,2189,2,1
2188,5295,2189,2,1
2188,5320,2189,2,1
2188,5331,2189,2,1
2188,5347,2189,2,1
2201,5302,2091,0,3
2201,5306,2311,3,0
2201,5378,2091,0,3
2202,5346,2092,0,3
2203,5309,2093,0,3
2241,5292,2242,2,1
2289,5368,2179,0,3
2293,5368,2183,0,3
2305,5326,2306,2,1
2306,5310,2307,2,1
2307,5328,2308,2,1
2307,5355,2308,2,1
2308,5296,2309,2,1
2308,5377,2309,2,1
2309,5312,2200,2,3
2383,5374,2493,3,0
2406,5319,2407,2,1
2407,5329,2408,2,1
2407,5360,2408,2,1
2408,5282,2409,2,1
2408,5295,2409,2,1
2408,5320,2409,2,1
2408,5331,2409,2,1
2408,5347,2409,2,1
2421,5302,2311,0,3
2421,5306,2531,3,0
2421,5352,2311,0,3
2421,5378,2311,0,3
2422,5346,2312,0,3
2423,5309,2313,0,3
2525,5326,2526,2,1
2527,5328,2528,2,1
2527,5355,2528,2,1
2528,5296,2529,2,1
2528,5377,2529,2,1
2529,5312,2420,2,3
2603,5374,2713,3,0
2626,5319,2627,2,1
2627,5329,2628,2,1
2627,5360,2628,2,1
2628,5282,2629,2,1
2628,5295,2629,2,1
2628,5320,2629,2,1
2628,5331,2629,2,1
2628,5347,2629,2,1
2641,5302,2531,0,3
2641,5306,2751,3,0
2641,5352,2531,0,3
2641,5378,2531,0,3
2642,5346,2532,0,3
2643,5309,2533,0,3
2745,5326,2746,2,1
2747,5328,2748,2,1
2747,5355,2748,2,1
2748,5296,2749,2,1
2748,5377,2749,2,1
2749,5312,2640,2,3
2823,5374,2933,3,0
2846,5319,2847,2,1
2846,5335,2847,2,1
2847,5329,2848,2,1
2847,5360,2848,2,1
2848,5282,2849,2,1
2848,5331,2849,2,1
2848,5347,2849,2,1
2861,5302,2751,0,3
2861,5306,2971,3,0
2861,5352,2751,0,3
2861,5378,2751,0,3
2862,5346,2752,0,3
2966,5310,2967,2,1
2967,5355,2968,2,1
2968,5296,2969,2,1
2968,5377,2969,2,1
2969,5312,2860,2,3
3043,5374,3153,3,0
3066,5319,3067,2,1
3066,5335,3067,2,1
3066,5361,3067,2,1
3066,5373,3067,2,1
3067,5329,3068,2,1
3067,5360,3068,2,1
3067,5367,3068,2,1
3081,5302,2971,0,3
3081,5352,2971,0,3
3081,5378,2971,0,3
3082,5346,2972,0,3
3186,5310,3187,2,1
3187,5355,3188,2,1
3188,5296,3189,2,1
3263,5374,3373,3,0
3286,5280,3287,2,1
3286,5287,3287,2,1
3286,5313,3287,2,1
3286,5319,3287,2,1
3286,5335,3287,2,1
3286,5361,3287,2,1
3286,5373,3287,2,1
3287,5329,3288,2,1
3287,5345,3288,2,1
3287,5360,3288,2,1
3287,5367,3288,2,1
3288,5342,3289,2,1
3301,5302,3191,0,3
3301,5306,3191,0,3
3301,5352,3191,0,3
3301,5378,3191,0,3
3302,5346,3192,0,3
3303,5309,3413,3,0
3406,5310,3407,2,1
3406,5326,3407,2,1
3407,5355,3408,2,1
3408,5296,3409,2,1
3408,5377,3409,2,1
3409,5312,3300,2,3
3409,5328,3300,2,3
3480,5289,3590,3,0
3483,5374,3593,3,0
3506,5280,3507,2,1
3506,5287,3507,2,1
3506,5313,3507,2,1
3506,5335,3507,2,1
3506,5361,3507,2,1
3506,5373,3507,2,1
3507,5329,3508,2,1
3507,5345,3508,2,1
3507,5360,3508,2,1
3507,5367,3508,2,1
3508,5342,3509,2,1
3521,5302,3411,0,3
3521,5306,3411,0,3
3521,5352,3411,0,3
3522,5346,3412,0,3
3523,5309,3633,3,0
3626,5310,3627,2,1
3626,5326,3627,2,1
3627,5355,3628,2,1
3628,5296,3629,2,1
3628,5377,3629,2,1
3629,5312,3520,2,3
3629,5328,3520,2,3
3699,5354,3589,0,3
3726,5280,3727,2,1
3726,5287,3727,2,1
3726,5313,3727,2,1
3726,5335,3727,2,1
3726,5361,3727,2,1
3726,5373,3727,2,1
3727,5329,3728,2,1
3727,5345,3728,2,1
3727,5360,3728,2,1
3727,5367,3728,2,1
3728,5342,3729,2,1
3740,5378,3850,2,0
3741,5302,3631,0,3
3741,5306,3631,0,3
3741,5352,3631,0,3
3742,5346,3632,0,3
3743,5309,3853,3,0
3803,5322,3913,3,0
3846,5310,3847,2,1
3846,5326,3847,2,1
3847,5355,3848,2,1
3848,5296,3849,2,1
3848,5377,3849,2,1
3849,5312,3740,2,3
3849,5328,3740,2,3
3923,5336,3813,0,3
3946,5280,3947,2,1
3946,5287,3947,2,1
3946,5313,3947,2,1
3946,5335,3947,2,1
3946,5361,3947,2,1
3946,5373,3947,2,1
3947,5329,3948,2,1
3947,5345,3948,2,1
3947,5360,3948,2,1
3947,5367,3948,2,1
3948,5342,3949,2,1
3960,5378,4070,2,0
3961,5302,3851,0,3
3961,5306,3851,0,3
3961,5352,3851,0,3
3962,5346,3852,0,3
3963,5309,4073,3,0
3972,5364,4082,3,0
4066,5310,4067,2,1
4066,5326,4067,2,1
4068,5296,4069,2,1
4068,5377,4069,2,1
4069,5312,3960,2,3
4069,5328,3960,2,3
4166,5280,4167,2,1
4166,5287,4167,2,1
4166,5313,4167,2,1
4166,5335,4167,2,1
4166,5361,4167,2,1
4166,5373,4167,2,1
4167,5329,4168,2,1
4167,5345,4168,2,1
4167,5360,4168,2,1
4167,5367,4168,2,1
4168,5342,4169,2,1
4180,5378,4290,2,0
4181,5302,4071,0,3
4181,5306,4071,0,3
4181,5352,4071,0,3
4183,5309,4293,3,0
4264,5310,4154,0,3
4286,5310,4287,2,1
4286,5326,4287,2,1
4288,5377,4289,2,1
4289,5312,4180,2,3
4289,5328,4180,2,3
4386,5280,4387,2,1
4386,5287,4387,2,1
4386,5313,4387,2,1
4386,5335,4387,2,1
4386,5361,4387,2,1
4386,5373,4387,2,1
4387,5345,4388,2,1
4387,5360,4388,2,1
4387,5367,4388,2,1
4388,5342,4389,2,1
4400,5378,4510,2,0
4401,5306,4291,0,3
4401,5352,4291,0,3
4403,5309,4513,3,0
4440,5369,4441,2,1
4506,5310,4507,2,1
4506,5326,4507,2,1
4507,5355,4508,2,1
4508,5296,4509,2,1
4508,5377,4509,2,1
4509,5328,4400,2,3
4580,5334,4690,3,0
4606,5280,4607,2,1
4606,5287,4607,2,1
4606,5313,4607,2,1
4606,5335,4607,2,1
4606,5361,4607,2,1
4606,5373,4607,2,1
4607,5345,4608,2,1
4607,5367,4608,2,1
4608,5342,4609,2,1
4620,5378,4730,2,0
4621,5302,4731,3,0
4621,5306,4511,0,3
4622,5346,4732,3,0
4623,5309,4733,3,0
4660,5369,4661,2,1
4726,5310,4727,2,1
4726,5326,4727,2,1
4727,5355,4728,2,1
4728,5296,4729,2,1
4728,5377,4729,2,1
4729,5312,4620,2,3
4729,5328,4620,2,3
4826,5280,4827,2,1
4826,5287,4827,2,1
4826,5313,4827,2,1
4826,5335,4827,2,1
4826,5373,4827,2,1
4827,5300,4828,2,1
4827,5345,4828,2,1
4827,5367,4828,2,1
4828,5342,4829,2,1
4840,5378,4950,2,0
4841,5302,4951,3,0
4841,5306,4731,0,3
4842,5346,4952,3,0
4843,5309,4953,3,0
4880,5369,4881,2,1
4928,5367,4927,1,2
4946,5310,4947,2,1
4946,5326,4947,2,1
4947,5355,4948,2,1
4948,5296,4949,2,1
4948,5377,4949,2,1
5020,5294,5130,3,0
5046,5280,5047,2,1
5046,5287,5047,2,1
5046,5313,5047,2,1
5046,5335,5047,2,1
5046,5373,5047,2,1
5047,5300,5048,2,1
5047,5345,5048,2,1
5047,5367,5048,2,1
5047,5372,5048,2,1
5060,5378,5170,2,0
5061,5302,5171,3,0
5061,5306,4951,0,3
5061,5352,5171,3,0
5062,5346,5172,3,0
5063,5309,5173,3,0
5100,5369,5101,2,1
5166,5326,5167,2,1
5167,5355,5168,2,1
5168,5296,5169,2,1
5168,5377,5169,2,1
5169,5312,5060,2,3
5169,5328,5060,2,3
5185,5368,5368,5,1,5186,2,1
5186,5368,5368,5,1,5185,1,2
5241,5368,5242,2,1
5266,5280,5267,2,1
5266,5287,5267,2,1
5266,5313,5267,2,1
5266,5350,5267,2,1
5267,5300,5268,2,1
5267,5345,5268,2,1
5267,5372,5268,2,1
5268,5288,5269,2,1
5368,5309,5185,0,4
5368,5312,5185,0,4
5368,5330,5185,0,4
5368,5337,5185,0,4
5368,5377,5185,0,4
