112,5328,113,2,1
242,5314,243,2,1
448,5314,447,1,2
464,5288,465,2,1
552,5328,553,2,1
558,5314,557,1,2
576,5288,466,0,3
668,5314,667,1,2
778,5314,777,1,2
888,5314,887,1,2
912,5314,802,0,3
980,5314,979,1,2
998,5314,997,1,2
1087,5295,1197,3,0
1090,5314,1089,1,2
1108,5314,1107,1,2
1138,5314,1028,0,3
1197,5295,1307,3,0
1200,5314,1199,1,2
1218,5314,1217,1,2
1252,5314,1142,0,3
1307,5295,1417,3,0
1310,5314,1309,1,2
1328,5314,1327,1,2
1417,5295,1527,3,0
1420,5314,1419,1,2
1438,5314,1437,1,2
1440,5295,1550,3,0
1515,5295,1625,3,0
1527,5295,1637,3,0
1530,5314,1529,1,2
1548,5314,1547,1,2
1550,5295,1660,3,0
1637,5295,1747,3,0
1640,5314,1639,1,2
1658,5314,1657,1,2
1660,5295,1770,3,0
1747,5295,1857,3,0
1750,5314,1749,1,2
1768,5314,1767,1,2
1770,5295,1880,3,0
1841,5295,1951,3,0
1857,5295,1967,3,0
1860,5314,1859,1,2
1878,5314,1877,1,2
1880,5295,1990,3,0
1949,5295,1950,2,1
1967,5295,2077,3,0
1970,5314,1969,1,2
1988,5314,1987,1,2
1990,5295,2100,3,0
2058,5295,2059,2,1
2077,5295,2187,3,0
2080,5314,2079,1,2
2098,5314,2097,1,2
2100,5295,2210,3,0
2167,5299,2168,2,1
2187,5295,2297,3,0
2190,5314,2189,1,2
2210,5295,2320,3,0
2274,5295,2275,2,1
2297,5295,2407,3,0
2299,5314,5314,5,1,2298,1,2
2300,5314,2299,1,2
2318,5314,2317,1,2
2320,5295,2430,3,0
2358,5376,2468,3,0
2381,5295,2382,2,1
2407,5295,2517,3,0
2410,5314,2409,1,2
2428,5314,2427,1,2
2430,5295,2540,3,0
2461,5314,2571,3,0
2465,5379,2464,1,2
2489,5295,2490,2,1
2517,5295,2627,3,0
2520,5314,2519,1,2
2538,5314,2537,1,2
2540,5295,2650,3,0
2627,5295,2737,3,0
2630,5314,2629,1,2
2648,5314,2647,1,2
2650,5295,5295,5,1,2651,2,1
2651,5295,5295,5,1,2650,1,2,2652,2,1
2676,5314,2786,3,0
2740,5314,2739,1,2
2758,5314,2757,1,2
2760,5295,2650,0,3
2783,5314,2893,3,0
2847,5295,2737,0,3
2850,5314,2849,1,2
2868,5314,2867,1,2
2870,5295,2760,0,3
2957,5295,2847,0,3
2960,5314,2959,1,2
2978,5314,2977,1,2
2980,5295,2870,0,3
3067,5295,2957,0,3
3070,5314,3069,1,2
3088,5314,3087,1,2
3090,5295,2980,0,3
3177,5295,3067,0,3
3180,5314,3179,1,2
3198,5314,3197,1,2
3200,5295,3090,0,3
3287,5295,3177,0,3
3290,5314,3289,1,2
3308,5314,3307,1,2
3310,5295,3200,0,3
3326,5288,3436,3,0
3397,5295,3287,0,3
3400,5314,3399,1,2
3418,5314,3417,1,2
3420,5295,3310,0,3
3507,5295,3397,0,3
3510,5314,3509,1,2
3528,5314,3527,1,2
3530,5295,3420,0,3
3542,5314,3543,2,1
3617,5295,3507,0,3
3620,5314,3619,1,2
3638,5314,3637,1,2
3640,5295,3530,0,3
3727,5295,3617,0,3
3730,5314,3729,1,2
3748,5314,3747,1,2
3750,5295,3640,0,3
3758,5314,3759,2,1
3808,5295,3809,2,1
3837,5295,3727,0,3
3858,5314,3857,1,2
3860,5295,3750,0,3
3865,5314,3866,2,1
3947,5295,3837,0,3
3968,5314,3967,1,2
3973,5314,3974,2,1
4022,5325,4132,3,0
4057,5295,3947,0,3
4093,5341,4094,2,1
4167,5295,4057,0,3
4225,5379,4224,1,2
4277,5295,4167,0,3
4371,5295,4261,0,3
4387,5295,4277,0,3
4497,5295,4387,0,3
4517,5327,4407,0,3
4522,5280,4412,0,3
4592,5367,4482,0,3
4594,5295,4484,0,3
4607,5295,4497,0,3
4705,5295,4595,0,3
4717,5295,4607,0,3
4818,5295,4708,0,3
4827,5295,4717,0,3
4927,5303,4817,0,3
4930,5295,4820,0,3
4937,5295,4827,0,3
5024,5292,4914,0,3
5047,5295,4937,0,3
5184,5314,5185,2,1
5294,5314,5099,0,4
5295,5281,2650,0,4
5295,5284,2650,0,4
5295,5290,2650,0,4
5295,5291,2650,0,4
5295,5292,2650,0,4
5295,5293,2650,0,4
5295,5296,2650,0,4
5295,5302,2650,0,4
5295,5306,2650,0,4
5295,5308,2650,0,4
5295,5310,2650,0,4
5295,5314,2650,0,4
5295,5315,2650,0,4
5295,5316,2650,0,4
5295,5324,2650,0,4
5295,5326,2650,0,4
5295,5328,2650,0,4
5295,5330,2650,0,4
5295,5332,2650,0,4
5295,5338,2650,0,4
5295,5341,2650,0,4
5295,5343,2650,0,4
5295,5346,2650,0,4
5295,5351,2650,0,4
5295,5352,2650,0,4
5295,5357,2650,0,4
5295,5362,2650,0,4
5295,5371,2650,0,4
5295,5376,2650,0,4
5295,5379,2650,0,4
5306,5295,3188,0,4
5314,5280,2299,0,4
5314,5281,2299,0,4
5314,5282,2299,0,4
5314,5284,2299,0,4
5314,5286,2299,0,4
5314,5287,2299,0,4
5314,5288,2299,0,4
5314,5290,2299,0,4
5314,5291,2299,0,4
5314,5293,2299,0,4
5314,5294,4244,0,4
5314,5295,2299,0,4
5314,5297,2299,0,4
5314,5299,2299,0,4
5314,5301,2299,0,4
5314,5303,2299,0,4
5314,5305,2299,0,4
5314,5306,2299,0,4
5314,5308,2299,0,4
5314,5310,2299,0,4
5314,5311,2299,0,4
5314,5313,2299,0,4
5314,5315,2299,0,4
5314,5316,2299,0,4
5314,5318,2299,0,4
5314,5319,2299,0,4
5314,5320,2299,0,4
5314,5321,2299,0,4
5314,5322,2299,0,4
5314,5323,2299,0,4
5314,5324,2299,0,4
5314,5325,2299,0,4
5314,5326,2299,0,4
5314,5327,2299,0,4
5314,5328,2299,0,4
5314,5329,2299,0,4
5314,5331,2299,0,4
5314,5332,2299,0,4
5314,5333,2299,0,4
5314,5335,2299,0,4
5314,5338,2299,0,4
5314,5341,2299,0,4
5314,5343,2299,0,4
5314,5345,2299,0,4
5314,5347,2299,0,4
5314,5348,2299,0,4
5314,5351,2299,0,4
5314,5352,2299,0,4
5314,5357,2299,0,4
5314,5358,2299,0,4
5314,5359,2299,0,4
5314,5360,2299,0,4
5314,5361,2299,0,4
5314,5362,2299,0,4
5314,5365,2299,0,4
5314,5366,2299,0,4
5314,5367,2299,0,4
5314,5371,2299,0,4
5314,5373,2299,0,4
5314,5375,2299,0,4
5314,5376,2299,0,4
5314,5379,2299,0,4
5326,5295,2864,0,4
