0,5378,109,2,1
1,5378,0,0,0
32,5378,5202,3,3
33,5378,5203,3,3
34,5378,5204,3,3
108,5378,107,0,1
109,5378,108,0,1
110,5378,219,3,2
111,5378,110,1,1
145,5378,35,0,2
146,5378,36,0,2
147,5378,37,0,2
218,5378,217,1,2
219,5378,218,1,2
220,5378,329,3,2
221,5378,220,1,1
257,5378,147,0,3
258,5378,148,0,3
259,5378,149,0,3
328,5378,327,1,2
329,5378,328,1,2
330,5378,439,3,2
331,5378,330,1,1
371,5378,261,0,3
372,5378,262,0,3
373,5378,263,0,3
438,5378,437,1,2
439,5378,438,1,2
440,5378,549,3,2
441,5378,440,1,1
483,5378,373,0,3
484,5378,374,0,3
485,5378,375,0,3
548,5378,547,1,2
549,5378,548,1,2
550,5378,659,3,2
551,5378,550,1,1
597,5378,487,0,3
598,5378,488,0,3
658,5378,657,1,2
659,5378,658,1,2
660,5378,769,3,2
661,5378,660,1,1
709,5378,599,0,3
710,5378,600,0,3
768,5378,767,1,2
769,5378,768,1,2
770,5378,879,3,2
771,5378,770,1,1
822,5378,712,0,3
823,5378,713,0,3
878,5378,877,1,2
879,5378,878,1,2
882,5378,992,3,0
883,5378,993,3,0
884,5378,994,3,0
885,5378,995,3,0
886,5378,996,3,0
887,5378,997,3,0
888,5378,998,3,0
889,5378,999,3,0
890,5378,1000,3,0
891,5378,1001,3,0
892,5378,1002,3,0
893,5378,1003,3,0
894,5378,1004,3,0
895,5378,1005,3,0
896,5378,1006,3,0
897,5378,1007,3,0
898,5378,1008,3,0
899,5378,1009,3,0
900,5378,1010,3,0
901,5378,1011,3,0
902,5378,1012,3,0
903,5378,1013,3,0
904,5378,1014,3,0
905,5378,1015,3,0
906,5378,1016,3,0
907,5378,1017,3,0
932,5378,933,2,1
933,5378,934,2,1
974,5378,1084,3,0
975,5378,1085,3,0
976,5378,1086,3,0
977,5378,1087,3,0
978,5378,1088,3,0
979,5378,1089,3,0
980,5378,1090,3,0
981,5378,1091,3,0
982,5378,1092,3,0
983,5378,1093,3,0
984,5378,1094,3,0
985,5378,1095,3,0
986,5378,1096,3,0
987,5378,1097,3,0
988,5378,987,1,2
989,5378,988,1,2
1028,5350,1138,3,0
1242,5350,1352,3,0
1272,5298,1382,3,0
1339,5320,1340,2,1
1458,5350,1568,3,0
1621,5317,1622,2,1
1724,5339,1834,3,0
1784,5350,1785,2,1
2000,5350,2001,2,1
2939,5302,2940,2,1
3424,5359,3314,0,3
3630,5378,3739,3,2
3631,5378,3632,2,1
3739,5378,3738,1,2
3740,5378,3849,3,2
3741,5378,3742,2,1
3742,5378,3743,2,1
3743,5378,3744,2,1
3848,5378,3847,1,2
3849,5378,3848,1,2
3850,5378,3959,3,2
3851,5378,3850,1,1
3854,5378,3855,2,1
3855,5378,3856,2,1
3856,5378,3857,2,1
3954,5378,3953,1,2
3958,5378,3957,1,2
3959,5378,3958,1,2
3960,5378,4069,3,2
3961,5378,3960,1,1
3965,5378,3966,2,1
3966,5378,3967,2,1
3967,5378,3968,2,1
3968,5378,3969,2,1
4062,5378,4061,1,2
4068,5378,4067,1,2
4069,5378,4068,1,2
4070,5378,4179,3,2
4071,5378,4070,1,1
4079,5378,4080,2,1
4080,5378,4081,2,1
4081,5378,4082,2,1
4082,5378,4083,2,1
4178,5378,4177,1,2
4179,5378,4178,1,2
4180,5378,4289,3,2
4181,5378,4180,1,1
4191,5378,4192,2,1
4192,5378,4193,2,1
4193,5378,4194,2,1
4194,5378,4195,2,1
4277,5288,4278,2,1
4288,5378,4287,1,2
4289,5378,4288,1,2
4290,5378,4399,3,2
4291,5378,4290,1,1
4305,5378,4306,2,1
4306,5378,4307,2,1
4307,5378,4308,2,1
4308,5378,4309,2,1
4319,5350,4209,0,3
4382,5360,4381,1,2
4398,5378,4397,1,2
4399,5378,4398,1,2
4400,5378,4509,3,2
4401,5378,4400,1,1
4417,5378,4418,2,1
4418,5378,4419,2,1
4419,5378,4420,2,1
4508,5378,4507,1,2
4509,5378,4508,1,2
4510,5378,4619,3,2
4511,5378,4510,1,1
4530,5378,4531,2,1
4531,5378,4532,2,1
4532,5378,4533,2,1
4618,5378,4617,1,2
4619,5378,4618,1,2
4620,5378,4729,3,2
4621,5378,4620,1,1
4642,5378,4643,2,1
4643,5378,4644,2,1
4654,5350,4544,0,3
4728,5378,4727,1,2
4729,5378,4728,1,2
4730,5378,4839,3,2
4731,5378,4730,1,1
4754,5378,4755,2,1
4755,5378,4756,2,1
4763,5330,4653,0,3
4838,5378,4837,1,2
4839,5378,4838,1,2
4840,5378,4949,3,2
4841,5378,4840,1,1
4865,5378,4866,2,1
4866,5378,4867,2,1
4948,5378,4947,1,2
4949,5378,4948,1,2
4950,5378,5059,3,2
4951,5378,4950,1,1
4977,5378,4867,0,3
4978,5378,4868,0,3
5058,5378,5057,1,2
5059,5378,5058,1,2
5060,5378,5169,3,2
5061,5378,5060,1,1
5073,5350,5350,5,1,5072,1,2
5074,5350,5073,1,2
5088,5378,4978,0,3
5089,5378,4979,0,3
5168,5378,5167,1,2
5169,5378,5168,1,2
5170,5378,5279,3,2
5171,5378,5170,1,1
5201,5378,5091,0,3
5202,5378,5092,0,3
5232,5298,5122,0,3
5278,5378,5277,1,2
5279,5378,5278,1,2
5297,5378,3084,0,4
5299,5378,2868,0,4
5305,5378,2868,0,4
5320,5378,2761,0,4
5322,5378,2868,0,4
5325,5378,2868,0,4
5327,5332,2868,0,4
5327,5378,2868,0,4
5332,5327,1878,0,4
5335,5378,2544,0,4
5349,5378,1005,0,4
5350,5281,5073,0,4
5350,5284,5073,0,4
5350,5288,5073,0,4
5350,5289,5073,0,4
5350,5290,5073,0,4
5350,5291,5073,0,4
5350,5293,5073,0,4
5350,5294,5073,0,4
5350,5301,5073,0,4
5350,5304,5073,0,4
5350,5307,5073,0,4
5350,5308,5073,0,4
5350,5310,5073,0,4
5350,5316,5073,0,4
5350,5317,5073,0,4
5350,5318,5073,0,4
5350,5319,5073,0,4
5350,5324,5073,0,4
5350,5329,5073,0,4
5350,5332,5073,0,4
5350,5334,5073,0,4
5350,5336,5073,0,4
5350,5338,5073,0,4
5350,5341,5073,0,4
5350,5344,5073,0,4
5350,5349,5073,0,4
5350,5354,5073,0,4
5350,5357,5073,0,4
5350,5358,5073,0,4
5350,5359,5073,0,4
5350,5360,5073,0,4
5350,5362,5073,0,4
5350,5368,5073,0,4
5350,5371,5073,0,4
5350,5374,5073,0,4
5366,5378,2869,0,4
5375,5378,2869,0,4
5378,5297,1097,0,4
5378,5299,1097,0,4
5378,5301,1097,0,4
5378,5304,1097,0,4
5378,5305,1097,0,4
5378,5307,1097,0,4
5378,5309,1097,0,4
5378,5320,1097,0,4
5378,5322,1097,0,4
5378,5325,1097,0,4
5378,5327,1097,0,4
5378,5330,1097,0,4
5378,5334,1097,0,4
5378,5335,1097,0,4
5378,5349,1097,0,4
5378,5366,1097,0,4
5378,5375,1097,0,4
