6,5370,116,2,0
7,5298,117,2,0
7,5339,117,2,0
8,5283,118,2,0
41,5364,42,1,0
101,5332,102,1,0
101,5366,102,1,0
101,5371,102,1,0
102,5285,103,1,0
102,5356,103,1,0
104,5297,105,1,0
104,5351,105,1,0
182,5294,72,0,2
182,5348,292,3,0
182,5349,72,0,2
204,5289,205,2,1
204,5317,205,2,1
205,5344,206,2,1
205,5354,206,2,1
226,5370,336,3,0
227,5298,337,3,0
227,5339,337,3,0
228,5283,338,3,0
261,5364,262,2,1
263,5339,262,1,2
321,5332,322,2,1
321,5371,322,2,1
322,5285,323,2,1
322,5356,323,2,1
324,5297,325,2,1
324,5351,325,2,1
402,5294,292,0,3
402,5348,512,3,0
402,5349,292,0,3
424,5289,425,2,1
424,5317,425,2,1
425,5344,426,2,1
425,5354,426,2,1
427,5329,428,2,1
446,5370,556,3,0
447,5298,557,3,0
447,5339,557,3,0
448,5283,558,3,0
481,5364,482,2,1
541,5332,542,2,1
541,5371,542,2,1
542,5285,543,2,1
542,5341,543,2,1
542,5356,543,2,1
543,5284,544,2,1
543,5316,544,2,1
543,5338,544,2,1
544,5308,545,2,1
544,5351,545,2,1
622,5294,512,0,3
622,5348,732,3,0
622,5349,512,0,3
644,5289,645,2,1
644,5317,645,2,1
645,5344,646,2,1
645,5354,646,2,1
647,5318,648,2,1
647,5329,648,2,1
666,5370,776,3,0
667,5298,777,3,0
667,5339,777,3,0
668,5283,778,3,0
700,5369,701,2,1
761,5290,762,2,1
761,5332,762,2,1
761,5362,762,2,1
761,5371,762,2,1
762,5285,763,2,1
762,5293,763,2,1
762,5341,763,2,1
762,5356,763,2,1
763,5284,764,2,1
763,5316,764,2,1
763,5338,764,2,1
763,5357,764,2,1
764,5308,765,2,1
764,5315,765,2,1
764,5351,765,2,1
809,5340,919,3,0
842,5294,732,0,3
842,5348,952,3,0
842,5349,732,0,3
864,5289,865,2,1
864,5317,865,2,1
865,5344,866,2,1
865,5354,866,2,1
867,5318,868,2,1
867,5329,868,2,1
887,5298,997,3,0
916,5340,1026,3,0
920,5369,921,2,1
981,5290,982,2,1
981,5332,982,2,1
981,5362,982,2,1
981,5371,982,2,1
982,5285,983,2,1
982,5293,983,2,1
982,5341,983,2,1
982,5356,983,2,1
983,5284,984,2,1
983,5316,984,2,1
983,5338,984,2,1
983,5357,984,2,1
984,5308,985,2,1
984,5315,985,2,1
984,5351,985,2,1
999,5366,1109,3,0
1057,5335,947,0,3
1059,5365,1169,3,0
1062,5294,952,0,3
1062,5348,1172,3,0
1084,5289,1085,2,1
1084,5317,1085,2,1
1084,5334,1085,2,1
1085,5344,1086,2,1
1085,5354,1086,2,1
1087,5318,1088,2,1
1087,5321,1088,2,1
1087,5329,1088,2,1
1131,5340,1241,3,0
1140,5369,1141,2,1
1201,5290,1202,2,1
1201,5299,1202,2,1
1201,5305,1202,2,1
1201,5322,1202,2,1
1201,5325,1202,2,1
1201,5327,1202,2,1
1201,5332,1202,2,1
1201,5362,1202,2,1
1201,5371,1202,2,1
1202,5285,1203,2,1
1202,5293,1203,2,1
1202,5341,1203,2,1
1202,5356,1203,2,1
1203,5284,1204,2,1
1203,5316,1204,2,1
1203,5338,1204,2,1
1203,5357,1204,2,1
1204,5297,1205,2,1
1204,5308,1205,2,1
1204,5315,1205,2,1
1204,5351,1205,2,1
1277,5350,1387,3,0
1278,5280,1388,3,0
1278,5313,1388,3,0
1278,5361,1168,0,3
1304,5289,1305,2,1
1304,5317,1305,2,1
1304,5334,1305,2,1
1304,5349,1305,2,1
1305,5344,1306,2,1
1305,5354,1306,2,1
1306,5319,1307,2,1
1306,5361,1307,2,1
1307,5318,1308,2,1
1307,5321,1308,2,1
1307,5323,1308,2,1
1307,5329,1308,2,1
1326,5370,1216,0,3
1327,5298,1217,0,3
1327,5339,1217,0,3
1328,5283,1218,0,3
1360,5369,1361,2,1
1361,5292,1362,2,1
1362,5330,1363,2,1
1421,5290,1422,2,1
1421,5299,1422,2,1
1421,5305,1422,2,1
1421,5322,1422,2,1
1421,5325,1422,2,1
1421,5327,1422,2,1
1421,5332,1422,2,1
1421,5362,1422,2,1
1421,5371,1422,2,1
1422,5285,1423,2,1
1422,5293,1423,2,1
1422,5341,1423,2,1
1422,5356,1423,2,1
1423,5284,1424,2,1
1423,5316,1424,2,1
1423,5338,1424,2,1
1423,5357,1424,2,1
1424,5297,1425,2,1
1424,5308,1425,2,1
1424,5315,1425,2,1
1424,5351,1425,2,1
1498,5287,1388,0,3
1498,5313,1388,0,3
1524,5289,1525,2,1
1524,5317,1525,2,1
1524,5334,1525,2,1
1524,5349,1525,2,1
1525,5344,1526,2,1
1525,5354,1526,2,1
1526,5287,1527,2,1
1526,5313,1527,2,1
1526,5319,1527,2,1
1526,5361,1527,2,1
1527,5318,1528,2,1
1527,5321,1528,2,1
1527,5323,1528,2,1
1527,5329,1528,2,1
1546,5370,1436,0,3
1547,5298,1437,0,3
1547,5339,1437,0,3
1548,5283,1438,0,3
1580,5369,1581,2,1
1581,5292,1582,2,1
1582,5330,1583,2,1
1641,5290,1642,2,1
1641,5299,1642,2,1
1641,5305,1642,2,1
1641,5322,1642,2,1
1641,5325,1642,2,1
1641,5327,1642,2,1
1641,5332,1642,2,1
1641,5362,1642,2,1
1641,5371,1642,2,1
1642,5285,1643,2,1
1642,5293,1643,2,1
1642,5341,1643,2,1
1642,5356,1643,2,1
1643,5284,1644,2,1
1643,5316,1644,2,1
1643,5338,1644,2,1
1643,5357,1644,2,1
1644,5297,1645,2,1
1644,5308,1645,2,1
1644,5315,1645,2,1
1644,5351,1645,2,1
1672,5340,1673,2,1
1722,5333,1612,0,3
1744,5289,1745,2,1
1744,5317,1745,2,1
1744,5334,1745,2,1
1744,5349,1745,2,1
1745,5344,1746,2,1
1745,5354,1746,2,1
1745,5359,1746,2,1
1746,5287,1747,2,1
1746,5313,1747,2,1
1746,5319,1747,2,1
1746,5361,1747,2,1
1747,5318,1748,2,1
1747,5321,1748,2,1
1747,5323,1748,2,1
1766,5370,1656,0,3
1767,5298,1657,0,3
1767,5339,1657,0,3
1768,5283,1658,0,3
1800,5369,1801,2,1
1801,5292,1802,2,1
1802,5330,1803,2,1
1861,5290,1862,2,1
1861,5299,1862,2,1
1861,5305,1862,2,1
1861,5322,1862,2,1
1861,5325,1862,2,1
1861,5327,1862,2,1
1861,5362,1862,2,1
1862,5285,1863,2,1
1862,5293,1863,2,1
1862,5341,1863,2,1
1862,5356,1863,2,1
1863,5284,1864,2,1
1863,5316,1864,2,1
1863,5338,1864,2,1
1863,5357,1864,2,1
1864,5297,1865,2,1
1864,5308,1865,2,1
1864,5315,1865,2,1
1942,5333,1832,0,3
1964,5289,1965,2,1
1964,5317,1965,2,1
1964,5334,1965,2,1
1964,5349,1965,2,1
1965,5344,1966,2,1
1965,5354,1966,2,1
1965,5359,1966,2,1
1966,5287,1967,2,1
1966,5313,1967,2,1
1966,5361,1967,2,1
1967,5318,1968,2,1
1967,5321,1968,2,1
1967,5323,1968,2,1
1986,5370,1876,0,3
1987,5298,1877,0,3
1987,5339,1877,0,3
1988,5283,1878,0,3
1994,5340,1995,2,1
2021,5292,2022,2,1
2022,5330,2023,2,1
2081,5290,2082,2,1
2081,5299,2082,2,1
2081,5305,2082,2,1
2081,5322,2082,2,1
2081,5325,2082,2,1
2081,5327,2082,2,1
2081,5362,2082,2,1
2081,5371,2082,2,1
2082,5285,2083,2,1
2082,5293,2083,2,1
2082,5341,2083,2,1
2082,5356,2083,2,1
2083,5284,2084,2,1
2083,5316,2084,2,1
2083,5338,2084,2,1
2083,5357,2084,2,1
2084,5297,2085,2,1
2084,5308,2085,2,1
2084,5315,2085,2,1
2084,5351,2085,2,1
2162,5333,2052,0,3
2184,5289,2185,2,1
2184,5334,2185,2,1
2184,5349,2185,2,1
2185,5344,2186,2,1
2185,5354,2186,2,1
2185,5359,2186,2,1
2186,5287,2187,2,1
2186,5313,2187,2,1
2186,5361,2187,2,1
2187,5321,2188,2,1
2187,5323,2188,2,1
2206,5370,2096,0,3
2207,5298,2097,0,3
2207,5339,2097,0,3
2208,5283,2098,0,3
2240,5296,2239,1,2
2242,5330,2243,2,1
2267,5335,2157,0,3
2301,5290,2302,2,1
2301,5299,2302,2,1
2301,5305,2302,2,1
2301,5322,2302,2,1
2301,5325,2302,2,1
2301,5327,2302,2,1
2301,5332,2302,2,1
2301,5362,2302,2,1
2301,5371,2302,2,1
2302,5293,2303,2,1
2303,5316,2304,2,1
2303,5357,2304,2,1
2304,5297,2305,2,1
2304,5308,2305,2,1
2304,5315,2305,2,1
2304,5351,2305,2,1
2382,5333,2272,0,3
2404,5334,2405,2,1
2404,5349,2405,2,1
2405,5359,2406,2,1
2406,5287,2407,2,1
2406,5313,2407,2,1
2406,5361,2407,2,1
2407,5321,2408,2,1
2407,5323,2408,2,1
2426,5370,2316,0,3
2427,5298,2317,0,3
2427,5339,2317,0,3
2428,5283,2318,0,3
2461,5292,2462,2,1
2462,5330,2463,2,1
2521,5299,2522,2,1
2521,5305,2522,2,1
2521,5322,2522,2,1
2521,5325,2522,2,1
2521,5327,2522,2,1
2521,5332,2522,2,1
2521,5371,2522,2,1
2523,5357,2524,2,1
2524,5297,2525,2,1
2524,5315,2525,2,1
2524,5351,2525,2,1
2602,5333,2492,0,3
2624,5334,2625,2,1
2624,5349,2625,2,1
2625,5359,2626,2,1
2626,5287,2627,2,1
2626,5313,2627,2,1
2626,5361,2627,2,1
2627,5323,2628,2,1
2646,5370,2536,0,3
2647,5298,2537,0,3
2647,5339,2537,0,3
2648,5283,2538,0,3
2681,5292,2682,2,1
2741,5299,2742,2,1
2741,5305,2742,2,1
2741,5322,2742,2,1
2741,5325,2742,2,1
2741,5327,2742,2,1
2741,5332,2742,2,1
2741,5371,2742,2,1
2742,5324,2743,2,1
2742,5341,2743,2,1
2743,5284,2744,2,1
2743,5316,2744,2,1
2743,5338,2744,2,1
2744,5297,2745,2,1
2744,5308,2745,2,1
2744,5351,2745,2,1
2844,5286,2845,2,1
2844,5303,2845,2,1
2844,5349,2845,2,1
2845,5359,2846,2,1
2846,5287,2847,2,1
2846,5313,2847,2,1
2866,5370,2756,0,3
2867,5339,2757,0,3
2868,5283,2758,0,3
2961,5290,2962,2,1
2961,5332,2962,2,1
2961,5362,2962,2,1
2961,5371,2962,2,1
2962,5293,2963,2,1
2962,5324,2963,2,1
2962,5341,2963,2,1
2963,5284,2964,2,1
2963,5316,2964,2,1
2963,5338,2964,2,1
2964,5297,2965,2,1
2964,5308,2965,2,1
2964,5351,2965,2,1
3038,5300,2928,0,3
3064,5286,3065,2,1
3064,5303,3065,2,1
3064,5333,3065,2,1
3064,5349,3065,2,1
3065,5311,3066,2,1
3065,5365,3066,2,1
3066,5300,3067,2,1
3086,5370,2976,0,3
3087,5339,2977,0,3
3121,5340,5340,5,1,3122,2,1
3122,5340,5340,5,1,3121,1,2,3123,2,1
3181,5290,3182,2,1
3181,5299,3182,2,1
3181,5305,3182,2,1
3181,5322,3182,2,1
3181,5325,3182,2,1
3181,5327,3182,2,1
3181,5332,3182,2,1
3181,5362,3182,2,1
3181,5371,3182,2,1
3182,5285,3183,2,1
3182,5293,3183,2,1
3182,5324,3183,2,1
3182,5341,3183,2,1
3182,5356,3183,2,1
3183,5284,3184,2,1
3183,5316,3184,2,1
3183,5338,3184,2,1
3184,5308,3185,2,1
3184,5315,3185,2,1
3184,5351,3185,2,1
3184,5357,3185,2,1
3284,5286,3285,2,1
3284,5303,3285,2,1
3284,5333,3285,2,1
3284,5349,3285,2,1
3285,5311,3286,2,1
3285,5365,3286,2,1
3286,5300,3287,2,1
3286,5372,3287,2,1
3401,5290,3402,2,1
3401,5299,3402,2,1
3401,5305,3402,2,1
3401,5322,3402,2,1
3401,5325,3402,2,1
3401,5327,3402,2,1
3401,5332,3402,2,1
3401,5362,3402,2,1
3401,5366,3402,2,1
3401,5371,3402,2,1
3402,5285,3403,2,1
3402,5293,3403,2,1
3402,5324,3403,2,1
3402,5341,3403,2,1
3402,5356,3403,2,1
3403,5284,3404,2,1
3403,5316,3404,2,1
3403,5338,3404,2,1
3404,5297,3405,2,1
3404,5308,3405,2,1
3404,5315,3405,2,1
3404,5351,3405,2,1
3404,5357,3405,2,1
3477,5350,3367,0,3
3479,5344,3589,3,0
3479,5354,3589,3,0
3504,5286,3505,2,1
3504,5303,3505,2,1
3504,5333,3505,2,1
3505,5311,3506,2,1
3505,5365,3506,2,1
3506,5300,3507,2,1
3506,5340,3507,2,1
3506,5350,3507,2,1
3506,5372,3507,2,1
3621,5290,3622,2,1
3621,5299,3622,2,1
3621,5305,3622,2,1
3621,5322,3622,2,1
3621,5325,3622,2,1
3621,5327,3622,2,1
3621,5332,3622,2,1
3621,5362,3622,2,1
3621,5366,3622,2,1
3621,5371,3622,2,1
3622,5285,3623,2,1
3622,5293,3623,2,1
3622,5324,3623,2,1
3622,5341,3623,2,1
3622,5356,3623,2,1
3623,5284,3624,2,1
3623,5316,3624,2,1
3623,5338,3624,2,1
3624,5297,3625,2,1
3624,5308,3625,2,1
3624,5315,3625,2,1
3624,5351,3625,2,1
3624,5357,3625,2,1
3724,5286,3725,2,1
3724,5303,3725,2,1
3724,5333,3725,2,1
3725,5311,3726,2,1
3725,5365,3726,2,1
3726,5300,3727,2,1
3726,5340,3727,2,1
3726,5350,3727,2,1
3726,5372,3727,2,1
3841,5290,3842,2,1
3841,5299,3842,2,1
3841,5305,3842,2,1
3841,5322,3842,2,1
3841,5325,3842,2,1
3841,5327,3842,2,1
3841,5332,3842,2,1
3841,5362,3842,2,1
3841,5366,3842,2,1
3841,5371,3842,2,1
3842,5285,3843,2,1
3842,5293,3843,2,1
3842,5324,3843,2,1
3842,5341,3843,2,1
3842,5356,3843,2,1
3843,5284,3844,2,1
3843,5316,3844,2,1
3843,5338,3844,2,1
3844,5297,3845,2,1
3844,5308,3845,2,1
3844,5315,3845,2,1
3844,5351,3845,2,1
3844,5357,3845,2,1
3922,5317,3812,0,3
3944,5286,3945,2,1
3944,5303,3945,2,1
3944,5333,3945,2,1
3945,5311,3946,2,1
3945,5365,3946,2,1
3946,5300,3947,2,1
3946,5340,3947,2,1
3946,5350,3947,2,1
3946,5372,3947,2,1
3966,5370,4076,3,0
3967,5339,4077,3,0
3968,5283,4078,3,0
3974,5369,4084,3,0
4061,5290,4062,2,1
4061,5299,4062,2,1
4061,5305,4062,2,1
4061,5322,4062,2,1
4061,5325,4062,2,1
4061,5327,4062,2,1
4061,5332,4062,2,1
4061,5362,4062,2,1
4061,5366,4062,2,1
4061,5371,4062,2,1
4062,5285,4063,2,1
4062,5293,4063,2,1
4062,5324,4063,2,1
4062,5341,4063,2,1
4062,5356,4063,2,1
4063,5284,4064,2,1
4063,5316,4064,2,1
4063,5338,4064,2,1
4064,5297,4065,2,1
4064,5308,4065,2,1
4064,5315,4065,2,1
4064,5351,4065,2,1
4064,5357,4065,2,1
4142,5317,4032,0,3
4142,5368,4032,0,3
4164,5286,4165,2,1
4164,5303,4165,2,1
4164,5333,4165,2,1
4165,5311,4166,2,1
4165,5365,4166,2,1
4166,5300,4167,2,1
4166,5340,4167,2,1
4166,5350,4167,2,1
4166,5372,4167,2,1
4186,5370,4296,3,0
4187,5339,4297,3,0
4188,5283,4298,3,0
4281,5290,4282,2,1
4281,5299,4282,2,1
4281,5305,4282,2,1
4281,5322,4282,2,1
4281,5325,4282,2,1
4281,5327,4282,2,1
4281,5332,4282,2,1
4281,5362,4282,2,1
4281,5366,4282,2,1
4282,5285,4283,2,1
4282,5293,4283,2,1
4282,5324,4283,2,1
4282,5341,4283,2,1
4282,5356,4283,2,1
4283,5284,4284,2,1
4283,5316,4284,2,1
4283,5338,4284,2,1
4284,5297,4285,2,1
4284,5308,4285,2,1
4284,5315,4285,2,1
4284,5351,4285,2,1
4284,5357,4285,2,1
4361,5333,4471,3,0
4362,5317,4252,0,3
4362,5368,4252,0,3
4384,5286,4385,2,1
4384,5303,4385,2,1
4384,5333,4385,2,1
4385,5311,4386,2,1
4385,5365,4386,2,1
4386,5300,4387,2,1
4386,5340,4387,2,1
4386,5350,4387,2,1
4386,5372,4387,2,1
4406,5370,4516,3,0
4407,5339,4517,3,0
4408,5283,4518,3,0
4441,5364,4442,2,1
4501,5290,4502,2,1
4501,5299,4502,2,1
4501,5305,4502,2,1
4501,5322,4502,2,1
4501,5325,4502,2,1
4501,5327,4502,2,1
4501,5362,4502,2,1
4501,5366,4502,2,1
4502,5285,4503,2,1
4502,5293,4503,2,1
4502,5324,4503,2,1
4502,5341,4503,2,1
4502,5356,4503,2,1
4503,5284,4504,2,1
4503,5316,4504,2,1
4503,5338,4504,2,1
4504,5297,4505,2,1
4504,5308,4505,2,1
4504,5315,4505,2,1
4504,5357,4505,2,1
4582,5317,4472,0,3
4582,5348,4692,3,0
4582,5368,4472,0,3
4604,5286,4605,2,1
4604,5303,4605,2,1
4604,5333,4605,2,1
4605,5311,4606,2,1
4605,5365,4606,2,1
4606,5340,4607,2,1
4606,5350,4607,2,1
4606,5372,4607,2,1
4626,5370,4736,3,0
4627,5339,4737,3,0
4628,5283,4738,3,0
4661,5364,4662,2,1
4721,5290,4722,2,1
4721,5299,4722,2,1
4721,5305,4722,2,1
4721,5322,4722,2,1
4721,5325,4722,2,1
4721,5327,4722,2,1
4721,5362,4722,2,1
4721,5366,4722,2,1
4722,5285,4723,2,1
4722,5293,4723,2,1
4722,5324,4723,2,1
4722,5341,4723,2,1
4722,5356,4723,2,1
4723,5284,4724,2,1
4723,5316,4724,2,1
4723,5338,4724,2,1
4724,5297,4725,2,1
4724,5308,4725,2,1
4724,5315,4725,2,1
4724,5357,4725,2,1
4802,5348,4912,3,0
4802,5368,4692,0,3
4824,5333,4825,2,1
4825,5311,4826,2,1
4825,5365,4826,2,1
4826,5340,4827,2,1
4826,5350,4827,2,1
4846,5370,4956,3,0
4847,5298,4957,3,0
4847,5339,4957,3,0
4848,5283,4958,3,0
4881,5364,4882,2,1
4907,5335,5017,3,0
4912,5317,4913,2,1
4941,5290,4942,2,1
4941,5299,4942,2,1
4941,5305,4942,2,1
4941,5322,4942,2,1
4941,5325,4942,2,1
4941,5327,4942,2,1
4941,5362,4942,2,1
4941,5366,4942,2,1
4942,5285,4943,2,1
4942,5293,4943,2,1
4943,5316,4944,2,1
4944,5297,4945,2,1
4944,5308,4945,2,1
4944,5315,4945,2,1
4944,5357,4945,2,1
4986,5368,4876,0,3
5019,5359,5129,3,0
5022,5348,5132,3,0
5022,5368,4912,0,3
5044,5333,5045,2,1
5045,5311,5046,2,1
5046,5350,5047,2,1
5066,5370,5176,3,0
5067,5298,5177,3,0
5067,5339,5177,3,0
5068,5283,5178,3,0
5101,5364,5102,2,1
5103,5347,5102,1,2
5161,5299,5162,2,1
5161,5305,5162,2,1
5161,5322,5162,2,1
5161,5325,5162,2,1
5161,5327,5162,2,1
5161,5366,5162,2,1
5164,5297,5165,2,1
5164,5315,5165,2,1
5164,5351,5165,2,1
5164,5357,5165,2,1
5242,5348,72,3,3
5242,5349,5132,0,3
5264,5317,5265,2,1
5265,5311,5266,2,1
5340,5280,3121,0,4
5340,5282,3121,0,4
5340,5286,3121,0,4
5340,5287,3121,0,4
5340,5290,3121,0,4
5340,5293,3121,0,4
5340,5295,3121,0,4
5340,5297,3121,0,4
5340,5299,3121,0,4
5340,5303,3121,0,4
5340,5305,3121,0,4
5340,5306,3121,0,4
5340,5311,3121,0,4
5340,5313,3121,0,4
5340,5315,3121,0,4
5340,5320,3121,0,4
5340,5321,3121,0,4
5340,5322,3121,0,4
5340,5323,3121,0,4
5340,5325,3121,0,4
5340,5326,3121,0,4
5340,5327,3121,0,4
5340,5328,3121,0,4
5340,5331,3121,0,4
5340,5333,3121,0,4
5340,5335,3121,0,4
5340,5343,3121,0,4
5340,5345,3121,0,4
5340,5347,3121,0,4
5340,5348,3121,0,4
5340,5357,3121,0,4
5340,5361,3121,0,4
5340,5362,3121,0,4
5340,5365,3121,0,4
5340,5366,3121,0,4
5340,5367,3121,0,4
5340,5373,3121,0,4
5340,5375,3121,0,4
5340,5379,3121,0,4
5366,5370,2869,0,4
