310,1195,1195,5,1,344,3,0
311,1195,345,3,0
312,1195,346,3,0
345,1195,1195,5,1,344,1,2
689,1252,723,3,0
887,1252,888,2,1
919,1252,920,2,1
996,1252,1030,3,0
997,1252,1031,3,0
998,1252,1032,3,0
999,1252,1033,3,0
1035,1252,1252,5,1,1036,2,1,1069,3,0
1036,1252,1252,5,1,1002,0,3,1035,1,2,1037,2,1
1061,1165,1060,1,2
1069,1252,1252,5,1,1035,0,3
1165,1252,926,0,4
1194,1200,80,0,4
1200,1194,80,0,4
1216,1252,1024,0,4
1230,1252,893,0,4
1252,1161,1035,0,4
1252,1165,1035,0,4
1252,1176,1035,0,4
1252,1180,1035,0,4
1252,1193,1035,0,4
1252,1210,1035,0,4
1252,1212,1035,0,4
1252,1213,1035,0,4
1252,1216,1035,0,4
1252,1218,1035,0,4
1252,1220,1035,0,4
1252,1225,1035,0,4
1252,1226,1035,0,4
1252,1230,1035,0,4
1252,1232,1035,0,4
1252,1244,1035,0,4
1252,1248,1035,0,4
1252,1250,1035,0,4
