127,1234,161,3,0
179,1235,145,0,3
210,1235,1235,5,1,244,3,0
211,1235,210,1,2
213,1235,179,0,3
233,1211,234,2,1
331,1234,365,3,0
332,1234,366,3,0
333,1234,367,3,0
334,1234,368,3,0
342,1234,1234,5,1,343,2,1,376,3,0
343,1234,1234,5,1,309,0,3,342,1,2,344,2,1
376,1234,1234,5,1,342,0,3
471,1196,472,2,1
1045,1241,1011,0,3
1172,1234,340,0,4
1177,1235,244,0,4
1178,1234,340,0,4
1198,1255,614,0,4
1201,1247,614,0,4
1234,1172,342,0,4
1234,1178,342,0,4
1235,1177,244,0,4
1237,1249,249,0,4
1247,1201,410,0,4
1249,1237,249,0,4
1255,1198,614,0,4
