113,1157,1157,5,1,114,2,1,147,3,0
146,1157,147,2,1
147,1157,1157,5,1,113,0,3
245,1241,246,2,1
246,1241,247,2,1
247,1241,248,2,1
248,1241,1241,5,1,249,2,1,282,3,0
249,1241,1241,5,1,248,1,2,250,2,1,283,3,0
282,1241,1241,5,1,248,0,3,283,2,1,316,3,0
382,1255,381,1,2
1157,1187,147,0,4
1187,1157,249,0,4
1241,1159,248,0,4
1241,1168,248,0,4
1241,1174,248,0,4
1241,1177,248,0,4
1241,1180,248,0,4
1241,1183,248,0,4
1241,1210,248,0,4
1241,1215,248,0,4
1241,1225,248,0,4
1241,1229,248,0,4
1241,1246,248,0,4
1241,1254,248,0,4
