120,1217,119,1,2
149,1243,148,1,2
155,1243,154,1,2
181,1249,215,3,0
183,1243,182,1,2
189,1243,188,1,2
190,1243,189,1,2
191,1243,190,1,2
215,1249,1249,5,1,216,2,1,249,3,0
216,1243,1243,5,1,182,0,3,215,1,2
216,1249,1249,5,1,182,0,3,215,1,2
217,1243,216,1,2
249,1249,1249,5,1,215,0,3,248,1,2,283,3,0
251,1243,250,1,2
257,1243,256,1,2
258,1243,257,1,2
259,1243,258,1,2
260,1243,259,1,2
261,1243,260,1,2
262,1243,261,1,2
292,1243,291,1,2
293,1243,292,1,2
332,1243,366,3,0
465,1243,466,2,1
476,1161,442,0,2
531,1243,530,1,2
583,1156,617,3,0
584,1156,618,3,0
617,1156,1156,5,1,616,1,2
905,1243,906,2,1
1011,1243,977,0,3
1116,1243,1082,0,3
1169,1206,545,0,4
1175,1249,216,0,4
1194,1249,147,0,4
1205,1249,45,0,4
1206,1169,565,0,4
1234,1249,11,0,4
1236,1249,147,0,4
1243,1173,216,0,4
1243,1240,182,0,4
1243,1245,182,0,4
1249,1175,216,0,4
1249,1194,215,0,4
1249,1205,215,0,4
1249,1234,215,0,4
1249,1236,215,0,4
