3,1230,1230,5,1,1125,3,3
4,1230,1126,3,3
5,1230,1127,3,3
46,1217,1217,5,1,47,2,1,80,3,0
63,1164,64,2,1
75,1217,76,2,1
76,1217,77,2,1
77,1217,78,2,1
78,1217,79,2,1
79,1217,80,2,1
80,1217,1217,5,1,46,0,3,81,2,1
81,1217,1217,5,1,47,0,3,80,1,2
98,1217,99,2,1
140,1217,141,2,1
233,1189,234,2,1
266,1241,267,2,1
310,1170,1170,5,1,276,0,3,309,1,2
315,1217,281,0,3
343,1170,1170,5,1,309,0,3
344,1170,310,0,3
345,1170,311,0,3
385,1217,351,0,3
504,1156,505,2,1
664,1181,665,2,1
1126,1230,1230,5,1,1092,0,3,1125,1,2
1170,1194,310,0,4
1177,1217,77,0,4
1210,1230,1097,0,4
1217,1177,80,0,4
1217,1188,80,0,4
1217,1229,80,0,4
1217,1236,80,0,4
1217,1253,80,0,4
1230,1210,1093,0,4
1236,1217,80,0,4
