1,1219,2,1,0
33,1188,67,2,0
63,1188,97,3,0
64,1188,98,3,0
65,1188,99,3,0
66,1188,100,3,0
67,1188,101,3,0
68,1188,1188,5,1,34,0,2,69,1,1,101,3,2
101,1188,1188,5,1,68,2,3,135,3,0
135,1188,1188,5,1,101,0,3
425,1185,459,3,0
579,1186,545,0,3
646,1219,1219,5,1,612,0,2,679,3,2
680,1219,646,0,2
681,1219,647,0,3
682,1219,648,0,3
683,1219,649,0,3
684,1219,650,0,3
685,1219,651,0,3
686,1219,652,0,3
713,1219,1219,5,1,679,0,3
877,1188,911,3,0
943,1188,977,3,0
985,1188,1019,3,0
1019,1188,1053,3,0
1053,1188,1087,3,0
1087,1188,1121,3,0
1109,1188,1110,2,1
1121,1188,1155,3,0
1141,1188,1142,2,1
1155,1188,33,3,3
1173,1219,151,0,4
1180,1229,76,0,4
1188,1182,101,0,4
1188,1240,101,0,4
1188,1245,101,0,4
1219,1173,117,0,4
1229,1180,77,0,4
