1,1204,2,1,0
174,1195,208,3,0
190,1164,156,0,3
208,1195,242,3,0
242,1195,276,3,0
275,1195,276,2,1
276,1195,310,3,0
309,1195,310,2,1
310,1195,344,3,0
333,1177,334,2,1
343,1195,344,2,1
344,1195,1195,5,1,345,2,1,378,3,0
345,1195,1195,5,1,311,0,3,344,1,2
376,1175,410,3,0
378,1195,1195,5,1,344,0,3,377,1,2,412,3,0
401,1177,402,2,1
469,1177,470,2,1
537,1177,538,2,1
605,1177,606,2,1
616,1168,617,2,1
646,1204,1204,5,1,612,0,2,679,3,2
673,1177,674,2,1
680,1204,646,0,2
681,1204,647,0,3
682,1204,648,0,3
683,1204,649,0,3
684,1204,650,0,3
713,1204,1204,5,1,679,0,3
741,1177,742,2,1
972,1156,1006,3,0
1058,1204,1059,2,1
1168,1195,268,0,4
1175,1211,183,0,4
1190,1206,539,0,4
1195,1159,344,0,4
1195,1168,344,0,4
1195,1172,344,0,4
1195,1174,344,0,4
1195,1206,344,0,4
1195,1215,344,0,4
1195,1231,344,0,4
1195,1246,344,0,4
1195,1254,344,0,4
1206,1190,566,0,4
1206,1195,234,0,4
1211,1175,183,0,4
