252,1169,251,1,2
286,1198,285,1,2
314,1209,315,2,1
315,1209,1209,5,1,316,2,1,349,3,0
316,1209,1209,5,1,315,1,2,317,2,1,350,3,0
326,1196,292,0,3
349,1209,1209,5,1,315,0,3,350,2,1,383,3,0
390,1172,424,3,0
391,1172,425,3,0
461,1172,495,3,0
496,1172,530,3,0
522,1163,521,1,2
532,1172,566,3,0
566,1172,600,3,0
602,1172,636,3,0
636,1172,670,3,0
776,1172,775,1,2
812,1172,811,1,2
847,1172,846,1,2
900,1172,1172,5,1,934,3,0
901,1172,900,1,2
902,1172,901,1,2
903,1172,902,1,2
904,1172,903,1,2
905,1172,904,1,2
906,1172,905,1,2
907,1172,906,1,2
908,1172,907,1,2
909,1172,908,1,2
934,1172,1172,5,1,900,0,3,933,1,2,968,3,0
1172,1254,900,0,4
1209,1159,315,0,4
1209,1170,315,0,4
1209,1172,315,0,4
1209,1174,315,0,4
1209,1177,315,0,4
1209,1180,315,0,4
1209,1183,315,0,4
1209,1210,315,0,4
1209,1215,315,0,4
1209,1225,315,0,4
1209,1229,315,0,4
1209,1231,315,0,4
1209,1234,315,0,4
1209,1235,315,0,4
1209,1246,315,0,4
1209,1254,315,0,4
1234,1209,310,0,4
1254,1172,798,0,4
