77,1217,43,0,3
81,1166,82,2,1
88,1254,89,2,1
120,1254,121,2,1
199,1254,233,3,0
200,1254,234,3,0
201,1254,235,3,0
202,1254,236,3,0
236,1254,1254,5,1,237,2,1,270,3,0
237,1254,1254,5,1,203,0,3,204,2,3,236,1,2
270,1254,1254,5,1,236,0,3
352,1193,351,1,2
760,1230,1230,5,1,726,0,3,761,2,1
793,1230,1230,5,1,792,1,2,827,3,0
794,1230,793,1,2
795,1230,761,0,3
802,1230,768,0,3
803,1230,769,0,3
804,1230,770,0,3
805,1230,771,0,3
806,1230,772,0,3
807,1230,773,0,3
837,1230,836,1,2
838,1230,837,1,2
871,1230,870,1,2
1008,1230,1007,1,2
1042,1230,1041,1,2
1115,1180,1116,2,1
1145,1254,1146,2,1
1159,1254,236,0,4
1230,1254,761,0,4
1246,1254,236,0,4
1254,1159,236,0,4
1254,1168,236,0,4
1254,1185,236,0,4
1254,1206,236,0,4
1254,1230,765,0,4
1254,1240,236,0,4
1254,1245,236,0,4
1254,1246,236,0,4
