184,1175,1175,5,1,150,0,3,183,1,2
217,1175,1175,5,1,183,0,3
218,1175,184,0,3
223,1175,189,0,3
224,1175,190,0,3
225,1175,191,0,3
226,1175,192,0,3
249,1158,1158,5,1,250,2,1,283,3,0
280,1158,281,2,1
281,1158,282,2,1
282,1158,283,2,1
283,1158,1158,5,1,249,0,3,284,2,1
284,1158,1158,5,1,250,0,3,283,1,2
293,1165,327,3,0
388,1175,387,1,2
422,1175,421,1,2
456,1175,455,1,2
461,1175,460,1,2
490,1175,489,1,2
495,1175,494,1,2
501,1189,535,3,0
520,1158,486,0,3
524,1175,523,1,2
529,1175,528,1,2
558,1175,557,1,2
563,1175,562,1,2
565,1175,566,2,1
927,1250,1250,5,1,893,0,3,926,1,2
960,1250,1250,5,1,926,0,3
961,1250,927,0,3
1158,1231,283,0,4
1158,1234,283,0,4
1166,1194,512,0,4
1194,1166,512,0,4
1234,1158,277,0,4
1250,1210,927,0,4
1250,1225,927,0,4
1250,1227,927,0,4
1250,1228,927,0,4
1250,1252,927,0,4
