42,1178,8,0,2
146,1178,112,0,3
182,1178,148,0,3
250,1243,1243,5,1,216,0,3,249,1,2
283,1243,1243,5,1,249,0,3
284,1243,250,0,3
287,1178,253,0,3
294,1243,260,0,3
376,1181,410,3,0
522,1243,521,1,2
588,1178,622,3,0
688,1178,722,3,0
781,1182,747,0,3
786,1178,787,2,1
822,1220,856,3,0
855,1220,856,2,1
856,1220,890,3,0
878,1220,879,2,1
885,1178,886,2,1
889,1220,890,2,1
890,1220,924,3,0
905,1173,939,3,0
912,1220,913,2,1
923,1220,924,2,1
924,1220,958,3,0
926,1178,960,3,0
927,1178,961,3,0
928,1178,962,3,0
929,1178,963,3,0
946,1220,947,2,1
957,1220,958,2,1
958,1220,992,3,0
968,1178,1178,5,1,969,2,1
969,1178,1178,5,1,935,0,3,968,1,2,970,2,1
980,1220,981,2,1
987,1178,988,2,1
991,1220,992,2,1
992,1220,1026,3,0
1014,1220,1015,2,1
1026,1220,1220,5,1,1027,2,1,1060,3,0
1027,1220,1220,5,1,993,0,3,1026,1,2
1060,1220,1220,5,1,1026,0,3,1059,1,2,1094,3,0
1092,1178,1093,2,1
1165,1178,894,0,4
1176,1178,957,0,4
1178,1165,968,0,4
1178,1176,968,0,4
1178,1180,968,0,4
1178,1183,968,0,4
1178,1193,968,0,4
1178,1210,968,0,4
1178,1212,968,0,4
1178,1220,968,0,4
1178,1225,968,0,4
1178,1226,968,0,4
1178,1244,968,0,4
1178,1250,968,0,4
1193,1178,926,0,4
1220,1178,894,0,4
1220,1240,1026,0,4
1220,1245,1026,0,4
1225,1178,998,0,4
1226,1178,793,0,4
1242,1255,183,0,4
1243,1156,250,0,4
1243,1189,250,0,4
1250,1178,961,0,4
1255,1242,183,0,4
