73,1235,74,2,1
74,1235,108,3,0
107,1235,108,2,1
108,1235,142,3,0
137,1247,171,3,0
141,1235,142,2,1
142,1235,176,3,0
164,1235,165,2,1
172,1238,206,3,0
175,1235,176,2,1
176,1235,210,3,0
210,1235,1235,5,1,211,2,1,244,3,0
211,1235,1235,5,1,210,1,2
244,1235,1235,5,1,210,0,3,243,1,2,278,3,0
777,1226,778,2,1
989,1249,955,0,3
1091,1218,1218,5,1,1057,0,3,1092,2,1
1124,1218,1218,5,1
1125,1218,1091,0,3
1180,1235,176,0,4
1181,1199,615,0,4
1183,1235,176,0,4
1185,1235,134,0,4
1199,1181,615,0,4
1235,1180,210,0,4
1235,1183,210,0,4
1235,1185,210,0,4
1235,1188,210,0,4
1235,1253,210,0,4
1247,1185,375,0,4
