45,1194,79,3,0
52,1215,18,0,2
76,1194,110,3,0
77,1194,111,3,0
78,1194,112,3,0
79,1194,113,3,0
86,1215,52,0,3
113,1194,1194,5,1,114,2,1
114,1194,1194,5,1,113,1,2,148,3,0
141,1194,142,2,1
147,1194,113,0,3
476,1219,477,1,1
616,1241,1241,5,1,582,0,3,617,2,1
649,1241,1241,5,1
650,1241,616,0,3
732,1215,1215,5,1,733,2,1,766,3,0
759,1215,760,2,1
760,1215,761,2,1
761,1215,762,2,1
762,1215,763,2,1
763,1215,764,2,1
766,1215,1215,5,1,732,0,3,767,2,1
767,1215,1215,5,1,733,0,3,766,1,2
898,1213,897,1,2
923,1193,957,3,0
957,1193,991,3,0
981,1193,982,2,1
990,1193,991,2,1
991,1193,1025,3,0
1015,1193,1016,2,1
1017,1194,1018,2,1
1024,1193,1025,2,1
1025,1193,1193,5,1,1026,2,1,1059,3,0
1026,1193,1193,5,1,992,0,3,1025,1,2,1027,2,1
1048,1193,1049,2,1
1049,1193,1050,2,1
1059,1193,1193,5,1,1025,0,3,1058,1,2,1093,3,0
1081,1230,1082,2,1
1092,1241,1093,2,1
1177,1194,111,0,4
1183,1194,109,0,4
1193,1176,1025,0,4
1193,1240,1025,0,4
1193,1245,1025,0,4
1193,1248,1025,0,4
1194,1161,113,0,4
1194,1165,113,0,4
1194,1177,113,0,4
1194,1180,113,0,4
1194,1183,113,0,4
1194,1185,113,0,4
1194,1188,113,0,4
1194,1193,113,0,4
1194,1210,113,0,4
1194,1212,113,0,4
1194,1213,113,0,4
1194,1216,113,0,4
1194,1218,113,0,4
1194,1220,113,0,4
1194,1225,113,0,4
1194,1226,113,0,4
1194,1229,113,0,4
1194,1230,113,0,4
1194,1232,113,0,4
1194,1239,113,0,4
1194,1244,113,0,4
1194,1250,113,0,4
1194,1253,113,0,4
1213,1231,761,0,4
1215,1165,766,0,4
1215,1212,766,0,4
1215,1220,766,0,4
1215,1230,766,0,4
1215,1244,766,0,4
1215,1250,766,0,4
1215,1254,766,0,4
1228,1244,1037,0,4
1229,1194,111,0,4
1244,1228,994,0,4
1254,1215,766,0,4
