33,1252,67,2,0
67,1252,101,3,0
101,1252,135,3,0
135,1252,169,3,0
169,1252,203,3,0
203,1252,237,3,0
237,1252,271,3,0
271,1252,305,3,0
305,1252,339,3,0
339,1252,373,3,0
373,1252,407,3,0
407,1252,441,3,0
408,1252,1252,5,1,441,3,2
441,1252,1252,5,1,408,2,3,475,3,0
475,1252,1252,5,1,441,0,3,474,1,2,509,3,0
1121,1252,1155,3,0
1155,1252,33,3,3
1178,1252,441,0,4
1184,1191,578,0,4
1188,1252,135,0,4
1191,1184,612,0,4
1231,1252,373,0,4
1252,1178,441,0,4
1252,1188,441,0,4
1252,1231,441,0,4
1252,1253,441,0,4
1253,1252,135,0,4
