237,1219,204,2,3
335,1207,369,3,0
361,1179,327,0,3
369,1207,403,3,0
403,1207,437,3,0
437,1207,471,3,0
471,1207,505,3,0
505,1207,539,3,0
539,1207,573,3,0
546,1207,580,3,0
573,1207,607,3,0
580,1207,614,3,0
581,1209,1209,5,1,582,2,1,615,3,0
607,1207,641,3,0
613,1207,614,2,1
614,1207,1207,5,1,615,2,1,648,3,0
615,1207,1207,5,1,581,0,3,614,1,2,616,2,1
615,1209,1209,5,1,581,0,3,616,2,1,649,3,0
616,1209,1209,5,1,582,0,3,615,1,2
636,1207,637,2,1
636,1209,637,2,1
637,1207,638,2,1
637,1209,638,2,1
638,1207,639,2,1
638,1209,639,2,1
639,1207,640,2,1
639,1209,640,2,1
640,1207,641,2,1
640,1209,641,2,1
641,1207,642,2,1
642,1207,643,2,1
648,1207,1207,5,1,614,0,3,647,1,2
649,1209,1209,5,1,615,0,3
985,1253,1019,3,0
1175,1209,615,0,4
1191,1209,613,0,4
1204,1209,612,0,4
1207,1160,614,0,4
1207,1168,614,0,4
1207,1184,614,0,4
1207,1186,614,0,4
1207,1191,614,0,4
1207,1192,614,0,4
1207,1233,614,0,4
1207,1238,614,0,4
1207,1255,614,0,4
1209,1175,615,0,4
1209,1181,615,0,4
1209,1191,615,0,4
1209,1198,615,0,4
1209,1201,615,0,4
1209,1202,615,0,4
1209,1203,615,0,4
1209,1204,615,0,4
1209,1219,615,0,4
1209,1242,615,0,4
1209,1251,615,0,4
1215,1254,236,0,4
1219,1209,612,0,4
1242,1209,615,0,4
1254,1215,236,0,4
1255,1207,614,0,4
