34,1253,1253,5,1,67,3,2,68,2,0
61,1253,62,2,1
62,1253,63,2,1
63,1253,64,2,1
64,1253,65,2,1
65,1253,66,2,1
66,1253,67,2,1
67,1253,1253,5,1,34,2,3,101,3,0
101,1253,1253,5,1,67,0,3,68,2,3,135,3,0
300,1175,334,3,0
438,1175,472,3,0
472,1175,506,3,0
506,1175,540,3,0
511,1175,545,3,0
540,1175,574,3,0
545,1175,579,3,0
567,1189,568,2,1
574,1175,608,3,0
579,1175,613,3,0
608,1175,642,3,0
612,1175,613,1,1
613,1175,1175,5,1,614,2,1,647,3,0
614,1175,1175,5,1,580,0,3,613,1,2,615,2,1
636,1175,637,2,1
637,1175,638,2,1
638,1175,639,2,1
639,1175,640,2,1
640,1175,641,2,1
641,1175,642,2,1
642,1175,643,2,1
643,1175,644,2,1
647,1175,1175,5,1,613,0,3,646,1,1
670,1189,704,3,0
671,1189,705,3,0
672,1189,706,3,0
682,1189,1189,5,1,683,2,1,716,3,0
683,1189,1189,5,1,649,0,3,682,1,2,684,2,1
716,1189,1189,5,1,682,0,3
779,1253,813,3,0
1169,1175,579,0,4
1175,1160,613,0,4
1175,1166,613,0,4
1175,1168,613,0,4
1175,1169,613,0,4
1175,1184,613,0,4
1175,1190,613,0,4
1175,1192,613,0,4
1175,1214,613,0,4
1175,1233,613,0,4
1175,1238,613,0,4
1184,1175,545,0,4
1189,1173,682,0,4
1189,1182,682,0,4
1189,1219,682,0,4
1190,1175,573,0,4
1192,1175,545,0,4
1192,1197,545,0,4
1195,1235,11,0,4
1197,1192,547,0,4
1219,1189,713,0,4
1233,1175,613,0,4
1235,1195,11,0,4
