75,1177,76,2,1
76,1177,1177,5,1,77,2,1,110,3,0
77,1177,1177,5,1,43,0,3,76,1,2
110,1177,1177,5,1,76,0,3,109,1,2,144,3,0
398,1250,364,0,3
426,1214,392,0,3
487,1187,486,1,2
491,1228,492,2,1
819,1226,853,3,0
1057,1226,1226,5,1,1058,2,1,1091,3,0
1058,1226,1226,5,1,1057,1,2,1092,3,0
1081,1226,1082,2,1
1082,1226,1083,2,1
1091,1226,1226,5,1,1057,0,3,1092,2,1,1125,3,0
1166,1197,547,0,4
1167,1251,80,0,4
1177,1161,76,0,4
1177,1165,76,0,4
1177,1176,76,0,4
1177,1180,76,0,4
1177,1183,76,0,4
1177,1188,76,0,4
1177,1193,76,0,4
1177,1212,76,0,4
1177,1213,76,0,4
1177,1216,76,0,4
1177,1218,76,0,4
1177,1220,76,0,4
1177,1226,76,0,4
1177,1230,76,0,4
1177,1232,76,0,4
1177,1239,76,0,4
1177,1244,76,0,4
1177,1248,76,0,4
1177,1250,76,0,4
1177,1253,76,0,4
1180,1177,76,0,4
1183,1177,42,0,4
1197,1166,547,0,4
1226,1240,1057,0,4
1226,1245,1057,0,4
1226,1248,1057,0,4
1251,1167,182,0,4
