227,1227,228,2,1
402,1250,403,2,1
698,1251,699,2,1
732,1251,733,2,1
742,1225,743,2,1
956,1250,957,2,1
957,1250,991,3,0
979,1250,980,2,1
990,1250,991,2,1
991,1250,1025,3,0
1013,1250,1014,2,1
1024,1250,1025,2,1
1025,1250,1250,5,1,1026,2,1,1059,3,0
1026,1250,1250,5,1,992,0,3,1025,1,2,1027,2,1
1059,1250,1250,5,1,1025,0,3,1058,1,2,1093,3,0
1064,1206,1063,1,2
1171,1205,547,0,4
1199,1249,615,0,4
1205,1171,411,0,4
1209,1249,581,0,4
1219,1249,612,0,4
1245,1250,980,0,4
1249,1199,615,0,4
1249,1209,581,0,4
1249,1219,615,0,4
1250,1176,1025,0,4
1250,1245,1025,0,4
1250,1248,1025,0,4
