292,1190,293,2,1
416,1198,382,0,3
938,1190,1190,5,1,904,0,3,937,1,2
971,1190,1190,5,1,937,0,3
972,1190,938,0,3
973,1190,939,0,3
974,1190,940,0,3
975,1190,941,0,3
1063,1180,1097,3,0
1096,1180,1097,2,1
1097,1180,1180,5,1,1098,2,1,1131,3,0
1098,1180,1180,5,1,1064,0,3,1097,1,2,1099,2,1,1132,3,0
1131,1180,1180,5,1,9,3,3,1097,0,3,1130,1,2,1132,2,1
1180,1176,1097,0,4
1180,1193,1097,0,4
1180,1210,1064,0,4
1180,1212,1097,0,4
1180,1216,1097,0,4
1180,1218,1097,0,4
1180,1220,1097,0,4
1180,1232,1097,0,4
1180,1239,1097,0,4
1180,1248,1097,0,4
1180,1250,1097,0,4
1186,1227,511,0,4
1210,1180,1064,0,4
1227,1186,409,0,4
