124,1231,90,0,3
178,1251,212,3,0
179,1251,213,3,0
180,1251,214,3,0
216,1251,1251,5,1,217,2,1,250,3,0
217,1251,1251,5,1,183,0,3,216,1,2,218,2,1
250,1251,1251,5,1,216,0,3
528,1160,529,2,1
927,1251,961,3,0
1093,1251,1094,2,1
1171,1249,216,0,4
1193,1250,792,0,4
1225,1251,209,0,4
1229,1251,211,0,4
1249,1171,216,0,4
1250,1193,792,0,4
1251,1170,216,0,4
1251,1177,216,0,4
1251,1180,216,0,4
1251,1183,216,0,4
1251,1210,216,0,4
1251,1215,216,0,4
1251,1225,216,0,4
1251,1229,216,0,4
1251,1235,216,0,4
1251,1246,216,0,4
1251,1254,216,0,4
