402,1389,438,3,0
943,1333,979,3,0
979,1333,1015,3,0
1051,1333,1333,5,1,1052,2,1,1087,3,0
1052,1333,1333,5,1,1051,1,2,1088,3,0
1071,1333,1072,2,1
1072,1333,1073,2,1
1087,1333,1333,5,1,1051,0,3,1088,2,1
1109,1385,1385,5,1,1110,2,1
1122,1385,1086,0,3
1123,1385,1087,0,3
1124,1385,1088,0,3
1125,1385,1089,0,3
1144,1385,1385,5,1,1180,3,0
1145,1385,1144,1,2
1146,1385,1110,0,3
1158,1385,1122,0,3
1162,1385,1198,3,0
1181,1385,1180,1,2
1182,1385,1146,0,3
1194,1385,1158,0,3
1217,1385,1216,1,2
1299,1314,742,0,4
1314,1299,742,0,4
1333,1316,1051,0,4
1333,1380,1051,0,4
1366,1385,1228,0,4
1385,1356,1110,0,4
1385,1358,1110,0,4
1385,1366,1251,0,4
1385,1370,1110,0,4
1385,1372,1215,0,4
1385,1379,1110,0,4
1389,1335,546,0,4
